158,udp,REJ,62,46,1,152,78,168,72,1,132,32,31178,uucp_path,60431,91129,33277,7611,415,0,0,722,802,0,0.32,0.21,0.17,16013,16166,462,312,63,75,0.28,0.39,0.49,510,794,0.81,0.22,0.21,0.65,0.81,0.49,0.29,0.8,normal
73,icmp,S1,82,209,1,132,226,45,13,1,159,128,33187,domain,34893,87914,95328,87924,55,1,0,214,267,0,0.79,0.05,0.22,60504,49250,320,197,73,112,0.43,0.55,0.53,218,132,0.96,0.9,0.77,0.9,0.96,0.35,0.52,0.92,normal
178,tcp,SF,116,47,1,59,184,70,203,0,218,24,56830,bgp,18098,45637,31680,16762,376,1,1,187,18,0,0.37,0.02,0.76,36308,54213,265,47,6,418,0.77,0.49,0.12,823,747,0.58,0.46,0.76,0.09,0.64,0.99,0.44,0.67,normal
133,udp,RSTOS0,9,39,0,59,33,235,172,0,196,112,18682,hostnames,61217,98668,30507,65664,333,0,1,583,139,0,0.13,0.08,0.88,5995,12838,28,307,279,91,0.9,0.93,0.28,344,648,0.83,0.54,0.49,0.54,0,0.49,0.47,0.24,normal
218,udp,S2,80,24,0,197,106,37,52,1,157,135,75345,gopher,96200,94670,36402,27145,95,0,0,570,261,0,0.76,0.73,0.97,57135,50411,392,255,59,40,0.68,0.73,0.82,223,561,0.53,0.82,0.5,0.99,0.68,0.88,0.55,0.2,attempted-user
151,udp,RSTOS0,111,47,0,78,94,229,43,1,240,47,39263,csnet_ns,47,68823,73793,62537,184,0,0,238,280,0,0.43,0.47,0.27,31310,52833,163,239,225,393,0.72,0.87,0.5,638,603,0.14,0,0.81,0.43,0.34,0.5,0.78,0.88,normal
156,icmp,RSTOS0,198,98,1,199,108,206,101,0,50,118,53988,http_443,49329,83922,46880,87234,446,1,0,219,671,0,0.85,0.47,0.43,52823,61908,117,293,227,299,0.45,0.57,0.71,123,749,0.25,0.66,0.26,0.34,0.93,0.59,0.07,0.18,normal
225,icmp,SF,82,27,0,71,176,200,17,1,210,78,535,supdup,14721,54374,27668,48288,24,1,0,694,933,0,0.38,0.56,0.13,31925,11307,204,319,33,379,0.36,0.97,0.23,69,329,0.2,0.28,0.11,0.53,0.62,0.34,0.12,0.05,normal
97,icmp,RSTOS0,80,5,0,7,141,160,24,1,203,135,87742,ldap,70134,62545,47678,50879,585,0,1,859,640,0,0.36,0.46,0.59,31601,13168,405,230,342,200,0.84,0.84,0.39,112,724,0.53,0.81,0.29,0.79,0.92,0.11,0.3,0.47,normal
34,udp,SH,231,103,0,184,77,70,49,1,150,78,38536,X11,10998,98697,26960,83489,478,0,0,500,756,0,0.22,0.58,0.45,9979,20386,68,47,94,55,0.61,0.51,0.16,509,920,0.06,0.62,0.79,0.88,0.59,0.56,0.09,0.04,non-standard-protocol
126,udp,RSTOS0,144,23,0,77,32,20,8,1,252,90,4968,remote_job,46347,42952,45639,75014,533,1,1,867,263,0,0.37,0.13,0.25,18441,10717,395,135,270,390,0.2,0.15,0.49,501,88,0.17,0.13,0.98,0.59,0.06,0.39,0.6,0.57,normal
70,udp,RSTR,175,39,1,242,186,176,67,0,166,67,5663,nntp,94381,68703,22277,38069,594,0,1,228,537,0,0.4,0.07,0.31,34060,19566,391,5,155,203,0.65,0.08,0.49,568,543,0.74,0.77,0.35,0.07,0.19,0.23,0.51,0.53,network-scan
37,udp,S1,172,236,1,51,224,184,23,0,55,85,26084,tim_i,13283,52904,60685,87302,183,0,0,180,429,0,0.35,0.56,0.18,8180,16592,411,201,111,358,0.07,0.88,0.06,167,490,0.59,0.37,0.2,0.21,0.48,0.9,0.93,0.9,trojan-activity
155,icmp,RSTO,199,24,1,121,142,136,27,0,104,40,35276,http_2784,75012,41690,66144,66364,126,0,1,547,981,0,0.2,0.43,0.3,29926,61503,277,219,191,430,0.47,0.79,0.69,461,803,0.92,0.51,0.1,0.7,0.88,0.17,0.35,0.07,normal
223,tcp,RSTOS0,197,96,1,90,21,114,233,1,197,72,52054,supdup,88514,43720,89773,88617,524,1,1,313,788,0,0.08,0.49,0.81,5331,47179,461,330,327,158,0.5,0.54,0.07,770,806,0.53,0.65,0.82,0.09,0.81,0.6,0.52,0.04,normal
103,udp,RSTOS0,150,76,0,33,215,80,229,1,89,56,52454,netbios_ns,1702,19891,55307,87522,11,1,1,128,312,0,0.58,0.83,0.88,46365,64683,160,119,14,428,0.35,0.37,0.46,607,1000,0.71,0.39,0.47,0.85,0.66,0.73,0,0.49,attempted-dos
126,udp,S2,130,18,0,175,245,249,171,1,173,63,87408,ftp_data,1735,11308,50256,45458,279,1,1,467,408,0,0.79,0.33,0.95,37264,53246,303,120,223,205,0.01,0.45,0.58,831,861,0.44,0.77,0.71,0.88,0.99,0.44,0.75,0.49,normal
209,tcp,RSTO,157,210,0,249,132,74,250,0,52,13,63713,http_8001,39383,69284,44601,70334,447,1,0,406,424,0,0.87,0.71,0.38,36821,1894,408,94,395,120,0.74,0.4,0.83,539,245,0.65,0.1,0.57,0.06,0.85,0.57,0.54,0.02,normal
50,icmp,S0,11,125,0,141,237,195,222,1,98,75,55317,gopher,11800,52441,38514,71439,656,1,0,887,262,0,0.7,0.2,0.25,39046,57192,160,172,242,177,0.48,0.96,0.54,100,628,0.79,0.32,0.25,0.36,0.16,0.08,0.36,0.24,normal
108,udp,RSTOS0,172,62,1,160,26,59,126,1,1,84,51214,echo,91566,63216,58237,15031,295,1,0,107,926,0,0.11,0.32,0.33,18998,60099,216,229,180,454,0.82,0.13,0.9,379,562,0.07,0.02,0.3,0.53,0.8,0.39,0.42,0.96,network-scan
171,icmp,RSTR,222,35,1,254,28,214,187,0,206,124,22025,domain,77604,68197,37572,2917,153,0,0,109,549,0,0.67,0.86,0.46,20114,31177,155,257,185,358,0.44,0.94,0.79,225,872,0.81,0.72,0.19,0.32,0.76,0.79,0.37,0.71,misc-activity
125,icmp,S3,139,46,0,106,131,178,9,1,185,2,2529,pop_3,23650,72028,88458,20700,420,1,1,291,578,0,0.3,0.12,0.13,23974,42001,80,143,198,366,0.51,0.99,0.6,302,621,0.27,0.35,0.57,0.63,0.81,0.65,0.7,0.59,misc-attack
24,icmp,OTH,31,56,0,129,235,196,85,0,47,142,26943,bgp,88732,63646,62215,10626,495,1,1,323,698,0,0.24,0.47,0.1,22729,23805,240,32,191,455,0.35,0.98,0.11,859,367,0.14,0.01,0.69,0.82,0.25,0.66,0.81,0.61,successful-dos
152,tcp,RSTO,91,233,1,105,67,162,127,1,3,30,8095,hostnames,9592,62820,81996,27180,122,1,1,793,573,0,0.39,0.34,0.12,17974,49729,203,151,259,345,0.14,0.52,0.17,547,378,0.07,0.68,0.61,0.55,0.36,0.92,0.54,0.34,normal
29,udp,S0,107,105,1,155,177,74,209,1,144,119,77257,printer,48082,67361,52096,5758,446,0,1,159,885,0,0.71,0.52,0.28,5494,9716,381,169,361,471,0.77,0.28,0.78,253,41,0.56,0.55,0.25,0.67,0.26,0.5,0.74,0.3,normal
169,icmp,RSTO,9,6,0,206,76,41,193,1,80,67,76108,sunrpc,32927,41264,33582,63217,26,1,1,734,786,0,0.57,0.79,0.91,45731,49158,118,361,184,162,0.29,0.15,0.32,31,487,0.15,0.87,0,0.91,0.61,0.78,0.85,0.41,normal
166,udp,S0,219,174,0,1,116,103,24,1,39,113,9507,gopher,10547,89081,58574,80487,568,1,1,710,303,0,0.07,0.58,0.62,57079,20311,54,335,382,396,0.57,0.95,0.03,28,293,0.88,0.1,0.07,0.61,0.31,0.74,0.88,0.36,normal
195,udp,SF,242,75,0,34,120,215,123,1,83,32,73303,daytime,71628,69105,15619,55681,553,0,0,502,515,0,0.86,0.8,0.63,59353,31540,29,208,264,375,0.13,0.97,0.12,633,157,0.23,0.64,0.25,0.98,0.88,0.45,0.47,0.22,normal
8,tcp,REJ,80,153,1,187,191,30,27,1,128,33,64900,daytime,36006,6549,79374,57321,362,1,0,159,928,0,0.36,0.95,0.08,34657,29354,235,287,27,351,0.11,0.22,0.09,187,501,0.81,0.28,0.06,0.43,0,0.93,0.33,0.32,not-suspicious
0,icmp,S3,85,17,0,89,156,155,148,1,133,6,48650,netbios_dgm,12743,27918,23300,18759,679,0,0,882,356,0,0.67,0.28,0.74,64433,43688,452,239,290,145,0.21,0.25,0.73,342,59,0.49,0.73,0.38,0.07,0.57,0.39,0.95,0.7,normal
139,tcp,RSTR,213,50,1,0,140,147,235,0,202,116,93585,domain,1000,38762,24271,38723,173,0,0,760,512,0,0.05,0.77,0.78,34188,42225,432,289,20,277,0.55,0.26,0.21,160,118,0.73,0.23,0.69,0.65,0.99,0.43,0.98,0.74,normal
118,icmp,RSTOS0,148,205,0,38,202,76,87,0,237,77,91494,discard,41623,89167,21663,16354,391,0,0,63,148,0,0.7,0.82,0.95,12642,46611,307,214,335,44,0.05,0.44,0.38,999,97,0.9,0.09,0.31,0.44,0.5,0.31,0.88,0.03,normal
58,tcp,REJ,149,54,0,119,107,218,124,0,205,118,9503,http,92269,24749,51642,56669,697,0,1,16,228,0,0.22,0.28,0.47,38703,9298,270,203,352,494,0.45,0.02,0.2,951,276,0.63,0.64,0.7,0.14,0.91,0.49,0.51,0.08,normal
146,udp,S3,173,35,0,7,218,48,164,0,181,28,18398,telnet,37499,81757,73224,58579,257,0,0,885,5,0,0.16,0.05,0.34,9331,42849,59,340,371,187,0.25,0.34,0.91,731,411,0.23,0.47,0.77,0.58,0.06,0.12,0.53,0.63,normal
237,icmp,SF,32,69,0,46,20,235,124,0,104,55,76863,echo,62411,60658,38854,64881,650,0,1,59,60,0,0.38,0.6,0.5,23254,39527,163,8,62,117,0.06,0.38,0.59,640,369,0.01,0.94,0.83,0.47,0.32,0.21,0.87,0.29,normal
97,tcp,SF,182,177,0,110,14,41,137,1,161,106,19695,imap4,65576,73887,16258,7735,46,1,0,434,885,0,0.29,0.27,0.66,16624,12356,314,369,400,388,0.13,0.96,0.88,983,210,0.37,0.03,0.19,0.99,0.29,0.72,0.04,0.61,system-call-detect
193,icmp,SF,156,157,1,65,91,141,97,1,126,18,36622,csnet_ns,9794,31641,44191,63337,447,1,1,478,529,0,0.51,0.08,0.23,37765,22811,367,392,328,466,0.13,0.44,0.93,515,961,0.95,0.38,0,0.17,0.57,0.85,0.63,0.2,normal
42,icmp,RSTOS0,105,56,1,55,198,160,168,0,40,67,13758,printer,94775,91417,84379,80335,348,1,1,80,754,0,0.23,0.7,0.99,33220,7709,334,128,52,73,0.84,0.41,0.39,816,732,0.13,0.46,0.32,0.11,0.62,0.06,0.45,0.77,normal
1,icmp,RSTR,32,84,1,234,236,34,173,1,34,64,85310,csnet_ns,72537,78992,85181,94143,620,0,1,720,439,0,0.18,0.87,0.36,59740,1785,480,230,231,348,0.34,0.71,0.22,16,767,0.94,0.81,0.4,0.93,0.04,0.7,0.23,0.86,normal
83,icmp,SF,149,153,0,134,9,137,24,1,157,47,1758,tim_i,19378,38896,68093,11751,674,0,0,495,755,0,0.75,0.29,0.95,58566,22755,69,68,398,146,0.72,0.81,0.37,91,955,0.14,0.91,0.23,0.15,0.42,0.58,0.45,0.06,normal
3,icmp,S1,239,245,1,48,166,242,253,1,208,74,10566,uucp_path,29349,74115,90611,3611,362,0,0,603,875,0,0.34,0.77,0.31,62435,10403,426,61,17,468,0.69,0.91,0.77,81,619,0.47,0.07,0.32,0.32,0.28,0.26,0.58,0.15,normal
145,icmp,S1,116,34,1,56,51,147,101,1,166,126,45700,efs,55677,66819,8818,3256,280,0,1,799,448,0,0.93,0.62,0.11,65525,55564,142,372,85,439,0.73,0.25,0.53,126,14,0.39,0.16,0.92,0.09,0.94,0.76,0.3,0.83,normal
74,tcp,SF,6,216,0,240,136,168,220,1,197,89,14684,IRC,72350,66367,12325,21823,210,0,1,302,548,0,0.91,0.11,0.48,53628,32090,291,242,282,105,0.92,0.22,0.99,65,679,0.79,0.1,0.38,0.7,0.52,0.71,0.93,0.54,normal
7,udp,S1,246,120,0,21,84,214,249,1,252,127,7694,vmnet,1931,37658,41910,94974,83,0,1,89,506,0,0.27,0.96,0.5,30431,54231,86,256,286,404,0.82,0.48,0.06,832,114,0,0.91,0.58,0.04,0.24,0.7,0.88,0.55,normal
147,udp,RSTO,117,240,1,68,119,3,37,1,138,124,54848,gopher,53506,12657,83932,34364,667,0,1,549,924,0,0.49,0.34,0.35,39479,28113,267,232,334,377,0.55,0.7,0.76,647,562,0.12,0.57,0.02,0.94,0.5,0.59,0.51,0.26,system-call-detect
35,udp,S0,127,27,1,237,131,233,79,1,86,11,38302,private,65296,2306,9139,12949,22,0,1,373,936,0,0.55,0.42,0.11,31211,55931,35,55,235,158,0.04,0.19,0.12,446,270,0.86,0.59,0.91,0.65,0.3,0.39,0.4,0.46,normal
222,tcp,REJ,83,24,1,234,75,179,140,0,54,142,84013,ntp_u,33352,64515,86927,62546,491,0,1,232,85,0,0.47,0.68,0.09,42004,1187,135,241,321,137,0.03,0.72,0.95,477,398,0.59,0.99,0.89,0.57,0.8,0.67,0.44,0.3,normal
233,tcp,SH,220,152,0,166,23,120,192,1,163,80,6180,pop_3,60203,54731,86694,94345,236,1,1,569,553,0,0.13,0.32,0.53,41066,17980,493,310,300,161,0.91,0.7,0.02,820,125,0.6,0.5,0.69,0.42,0.62,0.01,0.67,0.93,normal
176,icmp,RSTOS0,180,44,0,246,69,26,37,0,140,149,80003,urh_i,58759,25644,91429,11285,657,0,0,976,974,0,0.7,0.25,0.05,60674,1400,76,188,135,138,0.05,0.76,0.79,559,31,0.24,0.89,0.9,0.19,0.62,0.84,0.63,0.18,normal
113,tcp,RSTO,81,123,0,16,180,35,99,1,107,53,95824,netbios_ssn,79870,39980,94998,64743,315,1,1,524,729,0,0.22,0.32,0.61,55111,26492,467,335,385,71,0.05,0.48,0.35,759,267,0.18,0.14,0.69,0.1,0.73,0.03,0.95,0.43,normal
184,udp,S2,97,211,1,117,203,244,220,1,141,98,14124,sunrpc,89981,77921,85966,33831,505,1,0,471,337,0,0.53,0.48,0.31,6397,56352,494,60,129,220,0.74,0.69,0.13,1,79,0.7,0.51,0.51,0.98,0.78,0.26,0.61,0.52,normal
17,icmp,REJ,85,113,1,115,9,240,143,1,12,49,44756,sunrpc,88287,20362,51482,51598,155,0,0,856,863,0,0.47,0.05,0.62,63881,13128,303,353,183,95,0.54,0.64,0.62,14,146,0.27,0.99,0.08,0.87,0.26,0.36,0.82,0.89,normal
191,tcp,REJ,164,62,1,71,89,121,62,0,223,65,35270,pop_3,50140,35711,74239,9840,23,0,0,215,243,0,0.61,0.67,0.78,37150,29781,271,241,21,444,0.68,0.56,0.58,74,186,0.41,0.53,0.64,0.53,0.48,0.55,0.87,0.28,normal
97,tcp,S1,69,45,1,86,197,173,193,0,64,139,41649,time,82839,12912,89778,59635,357,0,0,117,689,0,0.19,0.46,0.11,24524,10175,344,304,7,472,0.24,0.42,0.23,16,600,0.52,0.09,0.93,0.77,0.64,0.17,0.04,0.46,normal
1,udp,S3,129,186,0,85,54,34,75,1,238,98,62515,exec,34016,14144,92991,74335,338,0,0,66,967,0,0.77,0.29,0.38,38717,30611,189,319,241,356,0.33,0.34,0.04,185,147,0.43,0.82,0.03,0.23,0.67,0.91,0.17,0.8,network-scan
98,udp,SH,27,26,0,214,221,146,171,1,91,80,60731,http,51269,39915,76073,54138,695,0,1,457,79,0,0.47,0.5,0.91,20530,48757,500,392,211,18,0.2,0.02,0.96,485,435,0.29,0.22,0.5,0.28,0.26,0.61,0.24,0.98,normal
3,tcp,RSTOS0,168,68,0,197,109,53,108,1,117,151,34601,daytime,77463,32750,66145,47211,465,1,1,390,45,0,0.17,0.44,0.41,15186,37027,206,118,69,254,0.21,0.66,0.45,398,790,0.96,0,0.29,0.91,0.51,0.91,0.76,0.09,default-login-attempt
60,udp,S2,102,95,1,34,118,196,210,0,91,132,47974,uucp_path,74898,28314,37237,75672,585,0,0,660,343,0,0.84,0.83,0.54,10793,1373,150,400,102,296,0.31,0.14,0.65,367,425,0.77,0.73,0.11,0.25,0.83,0.78,0.63,0.06,normal
253,icmp,SF,94,108,0,200,192,252,65,1,137,121,31835,ftp_data,13451,69013,80054,83907,430,0,0,984,841,0,0.89,0.12,0.08,21980,34569,261,47,8,113,0.77,0.31,0.95,29,897,0.45,0.89,0.2,0.52,0.85,0.15,0.45,0.35,normal
100,icmp,S0,218,243,0,144,218,57,7,0,112,150,78205,red_i,10736,591,84480,55105,672,1,1,357,904,0,0.33,0.17,0.83,44570,53265,470,55,395,177,0.2,0.29,0.4,928,347,0.48,0.23,0.82,0.08,0.06,0.66,0.05,0.94,normal
203,udp,S3,133,167,1,4,3,207,25,1,27,54,39785,ntp_u,15908,5330,82543,57218,403,0,0,169,250,0,0.43,0.33,0.67,7750,36747,199,131,144,10,0.62,0.1,0.73,741,563,0.66,0.72,0.95,0.15,0.47,0.42,0.37,0.92,normal
154,udp,RSTO,125,98,0,221,36,168,23,0,31,137,44631,nntp,35651,5337,50209,85693,36,0,1,259,55,0,0.08,0.79,0.43,46772,40686,73,33,125,408,0.56,0.04,0.15,652,574,0.16,0.03,0.56,0.41,0.23,0.74,0.39,0.77,normal
89,tcp,S1,151,243,0,160,104,168,65,1,41,43,50892,auth,68248,89470,73780,64336,440,1,1,62,504,0,0.1,0.33,0.96,54911,32158,345,4,127,499,0.73,0.07,0.54,367,494,0.07,0.52,0.01,0.92,0.67,0.59,0.2,0.55,normal
51,tcp,SH,103,83,0,17,233,4,138,0,0,97,13279,courier,18089,70152,18228,78862,219,0,1,586,116,0,0.69,0.7,0.64,60442,36136,55,199,194,254,0.19,0.63,0.37,132,297,0.57,0.05,0.43,0.62,0.93,0.32,0.78,0.81,normal
127,icmp,S3,193,254,0,189,56,249,211,0,204,44,13075,http_443,92474,84108,38788,80144,158,1,0,155,780,0,0.67,0.21,0.44,53569,57887,217,115,31,43,0.11,0.61,0.77,381,25,0.27,0.78,0.62,0.42,0.14,0.16,0.72,0.54,network-scan
109,udp,S0,10,61,1,113,212,149,241,1,246,88,24937,Z39_50,76992,16278,56797,56302,647,0,1,538,1,0,0.81,0.76,0.7,25795,55894,348,386,199,2,0.45,0.51,0,183,402,0.49,0.77,0.8,0.26,0.2,0.98,0.87,0.96,normal
113,udp,SF,1,172,0,49,128,79,154,1,207,110,15635,ntp_u,72630,47830,35464,17082,682,1,0,321,460,0,0.07,0.31,0.88,47421,10814,412,248,280,323,0.38,0.34,0.6,603,268,0.17,0.16,0.95,0.46,0.63,0.58,0.07,0.92,normal
72,icmp,RSTR,20,43,1,151,189,115,219,0,164,106,72793,hostnames,42303,18039,96351,34558,242,0,0,603,42,0,0.27,0.2,0.69,23097,48423,10,93,371,240,0.44,0.07,0.62,32,573,0.35,0.37,0.61,0.29,0.51,0.7,0.35,0.68,normal
248,tcp,SF,242,24,1,90,102,98,175,0,99,13,5800,ntp_u,90931,62509,53633,21723,488,1,0,188,325,0,0.15,0.78,0.21,36877,2112,288,54,139,315,0.52,0.16,0.09,824,550,0.57,0.32,0.14,0.14,0.1,0.09,0.71,0.14,normal
208,udp,REJ,148,212,0,52,55,191,42,1,196,126,59038,ntp_u,37237,43207,3892,21070,606,0,1,560,461,0,0.7,0.06,0.21,343,24322,101,264,89,166,0.46,0.07,0.57,990,272,0.48,0.02,0.46,0.7,0.01,0.85,0.95,0.11,successful-user
213,udp,S2,36,191,0,196,39,248,26,1,47,36,47669,printer,82884,16240,3430,78401,435,0,0,172,193,0,0.15,0.46,0.5,11074,56100,171,69,289,168,0.66,0.6,0.59,591,862,0.31,0.34,0.28,0.81,0.13,0.59,0.16,0.48,protocol-command-decode
84,udp,OTH,137,38,0,182,188,175,116,1,15,125,45936,ftp,65530,30950,95264,62049,237,1,0,596,665,0,0.25,0.72,0.83,1710,5911,9,237,257,291,0.73,0.04,0.94,476,359,0.58,0.34,0.95,0.3,0.27,0.34,0.95,0.42,normal
117,udp,SF,232,163,1,39,223,185,89,0,137,141,76401,hostnames,30626,9985,49846,18048,41,0,0,695,699,0,0.02,0.48,0.88,59884,29955,447,337,379,306,0.47,0.07,0.9,116,60,0.92,0.95,0.13,0.29,0.17,0.88,0.5,0.83,normal
114,icmp,S1,23,104,0,249,251,97,229,0,108,90,44935,remote_job,26864,69055,70689,79048,56,1,0,372,715,0,0.74,0.1,0.85,30607,16439,319,388,184,27,0.81,0.29,0.32,350,482,0.49,0.12,0.01,0.23,0.94,0.77,0.09,0.81,normal
115,tcp,S0,94,132,1,48,143,168,241,0,29,3,68034,daytime,78095,56258,25856,34990,40,1,1,240,628,0,0.09,0.78,0.5,37681,21305,474,77,156,43,0.6,0.55,0.85,900,133,0.14,0.47,0.65,0.83,0.95,0.25,0.92,0.2,normal
217,udp,RSTO,40,201,0,184,124,213,92,0,214,94,58505,ftp,97645,76547,92132,67092,8,0,1,388,301,0,0.14,0.08,0.17,21821,26239,300,29,142,470,0.13,0.2,0.47,46,947,0.23,0.31,0.49,0.75,0.73,0.78,0.84,0.73,not-suspicious
144,icmp,S3,4,56,1,134,187,204,116,1,44,100,90891,printer,74256,45522,39327,72037,297,0,0,315,694,0,0.79,0.8,0.31,29035,65518,138,381,101,169,0.45,0.61,0.06,140,400,0.85,0.61,0.2,0.73,0.9,0.59,0.65,0.49,normal
28,icmp,S1,209,255,1,114,214,196,56,1,126,50,72263,http_443,5627,88476,24078,45813,366,1,1,463,485,0,0.63,0.34,0.05,31940,250,463,143,214,91,0.07,0.58,0.19,208,281,0.29,0.71,0.64,0.55,0.93,0.07,0.55,0.99,attempted-dos
163,tcp,RSTOS0,151,150,1,177,226,87,38,1,230,40,39575,gopher,46644,58813,35920,87369,697,1,0,737,663,0,0.24,0.79,0.3,34612,63846,139,248,222,132,0.4,0.32,0.92,884,772,0.49,0.87,0.27,0.54,0.01,0.59,0.85,0.31,normal
58,udp,S0,149,33,0,128,218,219,240,1,221,30,1061,http_2784,20166,8951,1229,3375,156,0,0,301,471,0,0.65,0.55,0.37,63480,48690,34,220,347,356,0.18,0.24,0.81,213,965,0.52,0.75,0.05,0.51,0.91,0.24,0.88,0.53,normal
190,udp,RSTR,226,37,1,43,57,29,94,0,59,33,70614,http_8001,25555,37965,41001,2521,519,1,0,175,652,0,0.78,0.79,0.71,40709,26623,464,320,200,284,0.41,0.03,0.52,749,593,0.16,0.57,0.63,0.25,0.96,0.93,0,0.91,normal
149,tcp,RSTOS0,229,206,1,119,109,107,130,1,89,37,88426,harvest,21605,6232,61259,15112,568,0,0,345,754,0,0.27,0.82,0.43,41302,45393,199,111,220,258,0.43,0.32,0.47,526,552,0.97,0.79,0.23,0.09,0.78,0.95,0.57,0.6,normal
22,tcp,OTH,204,240,0,150,233,59,111,1,55,96,37179,exec,81735,52088,24355,32506,612,1,1,189,727,0,0.66,0.59,0,31953,35719,459,81,323,355,0.12,0.37,0.33,67,799,0.03,0.77,0.33,0.21,0.63,0.77,0.48,0.73,normal
221,udp,SH,143,99,1,7,200,114,114,1,222,28,70400,remote_job,69662,59915,75488,492,370,0,1,414,183,0,0.93,0.09,0.43,30027,11462,447,126,74,293,0.28,0.14,0.22,187,189,0.88,0.57,0.73,0.21,0.08,0.53,0.43,0.87,normal
21,udp,RSTOS0,117,192,1,238,68,97,11,0,17,72,6175,exec,41836,82906,45077,60808,133,0,1,566,842,0,0.27,0.9,0.06,60853,42465,45,263,212,299,0.82,0.12,0.28,49,260,0.27,0.24,0.2,0.33,0.53,0.33,0.46,0.9,not-suspicious
14,icmp,SF,98,3,1,228,66,240,197,0,213,152,98497,tim_i,38617,76215,15720,25038,478,1,0,956,859,0,0.2,0.83,0.49,41805,46445,309,366,292,305,0.64,0.93,0.02,250,361,0.12,0.63,0.39,0.99,0.24,0.91,0.52,0.78,normal
209,udp,S3,75,190,0,2,181,27,231,0,108,68,56778,sunrpc,86299,91001,7130,28740,241,0,1,83,822,0,0.95,0.35,0.6,59706,13130,320,59,209,61,0.07,0.55,0.41,310,861,0.78,0.95,0.01,0.36,0.89,0.16,0.46,0.91,normal
253,udp,S1,185,130,0,6,191,222,227,1,83,43,83940,http_2784,38196,57708,36630,48682,653,1,1,785,569,0,0.08,0.75,0.15,36352,5926,339,33,24,322,0.11,0.7,0.38,1000,728,0.72,0.67,0.37,0.49,0.43,0.92,0.63,0.64,normal
106,udp,S3,39,197,0,163,176,235,148,0,91,46,63246,private,3902,92690,10173,39255,482,1,1,166,741,0,0.31,0.36,0.1,38579,27549,24,111,231,222,0.45,0.96,0.5,266,873,0.6,0.66,0.76,0.55,0.01,0.42,0.19,0.45,normal
20,icmp,S2,238,67,0,216,114,194,247,1,167,89,26127,exec,75895,94347,62553,50156,9,1,0,572,778,0,0.18,0.56,0.14,60151,36162,117,90,346,263,0.85,0.2,0.78,764,379,0.32,0.26,0.98,0.67,0.18,0.28,0.02,0.32,normal
139,tcp,RSTOS0,169,91,0,184,128,216,239,0,66,45,41089,Z39_50,30350,90974,23593,29064,91,1,1,229,677,0,0.73,0.57,0.58,24143,39644,124,368,84,379,0.82,0.13,0.97,958,909,0.35,0.49,0.32,0.08,0.35,0.35,0.34,0.41,normal
173,tcp,OTH,53,198,0,53,134,212,58,1,17,128,85348,imap4,78883,58655,7413,4445,28,1,0,278,352,0,0.82,0.97,0.29,55609,30277,142,146,272,458,0.08,0.41,0.32,594,803,0.73,0.55,0.25,0.72,0.06,0.99,0.33,0.06,normal
97,udp,S0,166,212,0,109,219,66,243,0,207,59,40219,gopher,37039,97246,72992,90830,600,0,0,128,848,0,0.02,0.6,0.36,31666,27704,408,197,27,116,0.2,0.99,0.93,780,627,0.4,0.04,0.46,0.24,0.6,0.02,0.04,0.33,normal
211,tcp,SF,6,3,1,70,104,178,252,0,171,60,57261,klogin,95636,59041,99107,60796,6,0,1,796,783,0,0.16,0.45,0.19,36572,27047,223,309,341,377,0.95,0.48,0.5,412,670,0.44,0.01,0.83,0.22,0.6,0.88,0.04,0.59,normal
155,icmp,SF,148,164,1,124,90,44,93,1,188,46,7323,http,41374,72852,2762,34033,221,0,0,131,49,0,0.15,0.13,0.34,11763,45702,36,394,113,112,0.68,0.27,0.53,533,859,0.81,0.8,0.77,0.73,0.58,0.17,0.61,0.86,normal
198,icmp,RSTOS0,161,158,0,114,174,88,133,1,213,42,92414,netbios_dgm,63341,52226,63289,8988,411,1,0,261,873,0,0.08,0.59,0.22,24014,20600,249,73,161,500,0.71,0.02,0.55,552,62,0.2,0.52,0.04,0.52,0.6,0.78,0.22,0.19,normal
17,tcp,S2,136,159,0,190,218,249,15,0,38,153,96836,whois,10458,44794,73968,96071,128,1,0,742,928,0,0.63,0.2,0.44,15979,39276,194,260,199,5,0.12,0.03,0.48,46,167,0.46,0.43,0.24,0.98,0.16,0.18,0.65,0.1,normal
216,tcp,OTH,54,121,1,191,22,32,158,0,182,107,62685,discard,98707,55265,54016,94000,47,1,1,50,618,0,0.76,0.86,0.93,63123,9783,189,96,323,188,0.78,0.45,0.13,588,751,0.24,0.85,0.8,0.2,0.29,0.5,0.18,0.68,inappropriate-content
228,icmp,OTH,66,255,1,147,13,225,251,0,35,113,19453,harvest,80660,88740,59924,39219,42,1,0,275,25,0,0.75,0.83,0.99,11523,43677,129,90,69,195,0.74,0.55,0.76,509,405,0.29,0.92,0.22,0.68,0.96,0.47,0.78,0.71,attempted-dos
183,udp,SH,194,255,1,40,79,46,78,0,138,37,74802,courier,37506,77470,74553,91771,338,0,0,687,328,0,0.04,0.54,0.99,53862,32401,493,113,229,119,0.73,0.53,0.52,180,868,0.99,0.35,0.17,0.72,0.52,0.23,0.6,0.14,normal
189,tcp,SF,53,217,1,174,158,101,126,0,7,144,28471,ldap,35740,90166,68618,61699,282,0,0,421,718,0,0.61,0.81,0.86,478,10358,466,176,361,443,0.96,0.5,0.72,382,984,0.28,0.84,0.81,0.27,0.04,0.44,0.45,0.05,normal
188,tcp,OTH,195,80,1,102,8,130,54,1,158,137,67138,printer,47154,46637,72027,33070,425,1,1,666,134,0,0.93,0.72,0.25,59973,9316,244,168,363,79,0.77,0.9,0.66,701,640,0.36,0.24,0.19,0.81,0.79,0.79,0.06,0.44,normal
144,udp,SF,128,7,1,81,211,94,205,0,114,85,74333,login,28479,6548,88318,94032,56,1,0,430,615,0,0.55,0.97,0.79,14164,14850,464,370,399,200,0.05,0.67,0.22,661,196,0.37,0.87,0.14,0.56,0.78,0.94,0.08,0.04,normal
133,tcp,SH,132,101,1,19,75,238,198,1,241,57,1200,tftp_u,55619,89448,92295,58703,442,0,1,288,843,0,0.67,0.53,0.31,4338,41472,411,294,90,53,0.06,0.8,0.34,311,347,0.14,0.2,0.99,0.51,0.21,0.21,0.75,0.57,attempted-admin
144,udp,SH,2,138,1,13,111,39,154,0,97,0,27720,nnsp,1998,38003,48831,43930,244,0,1,734,153,0,0.6,0.9,0.22,63653,63442,151,272,13,381,0.03,0.16,0.78,603,757,0.42,0.22,0.73,0.69,0.59,0.72,0.65,0.88,normal
170,tcp,S2,245,65,1,101,110,225,195,0,67,130,90037,shell,73908,69449,93934,22315,356,1,1,286,404,0,0.85,0.83,0.63,47586,57949,342,55,379,215,0.38,0.46,0.78,875,624,0.49,0.54,0.24,0.99,0.63,0.29,0.71,0.23,normal
136,udp,RSTO,73,106,1,212,214,155,201,1,195,33,23027,ntp_u,29479,91082,18512,23796,503,0,0,457,209,0,0.37,0.33,0.67,13811,12134,79,338,350,71,0.42,0.57,0.14,181,592,0.24,0.23,0.12,0.3,0.19,0.32,0.59,0.42,normal
242,udp,RSTOS0,46,77,0,136,40,50,111,0,98,149,62200,mtp,92834,47760,68015,92562,587,1,0,768,630,0,0.44,0.54,0.11,51584,45943,5,400,237,115,0.18,0.69,0.45,187,790,0.81,0.68,0.5,0.79,0.45,0.53,0.02,0.6,default-login-attempt
119,tcp,OTH,11,159,0,252,186,223,146,0,156,151,66899,link,32156,72522,23393,57350,43,1,1,155,805,0,0.24,0.17,0.74,35438,59309,468,106,376,413,0.19,0.56,0.99,36,611,0.01,0.99,0.95,0.82,0.34,0.4,0.16,0.13,normal
254,tcp,RSTOS0,175,204,1,46,146,123,40,1,58,32,41650,whois,24915,30769,57774,79913,264,0,1,343,362,0,0,0.37,0.85,16574,41271,387,327,256,454,0.4,0.94,0.31,75,225,0.44,0.18,0.25,0.62,0.19,0.2,0.48,0,normal
127,udp,REJ,116,171,0,220,116,236,255,0,218,35,31726,sunrpc,12278,68277,47944,36538,338,1,1,22,640,0,0.34,0.6,0.17,2315,16760,121,320,193,210,0.05,0.23,0.65,38,96,0.5,0.2,0.23,0.37,0.71,0.4,0.54,0,normal
40,tcp,S0,122,178,0,78,47,20,142,1,208,144,40437,smtp,64216,36062,36140,55346,84,1,1,634,65,0,0.17,0.57,0.77,6952,17539,350,176,335,285,0.06,0.66,0.82,880,594,0.66,0.38,0.89,0.79,0.67,0.99,0.78,0.5,normal
12,icmp,S2,188,76,1,48,15,233,156,1,229,79,20127,telnet,55403,85158,65978,43343,300,1,1,451,699,0,0.18,0.14,0.44,568,38730,392,122,21,17,0.63,0.47,0.16,77,760,0.29,0.17,0.97,0.95,0.95,0.04,0.7,0.62,normal
248,tcp,S3,52,207,1,21,35,209,191,1,63,45,90098,http_8001,40288,23472,52437,53218,43,1,0,140,710,0,0.57,0.11,0.17,54095,32695,139,304,161,213,0.96,0.39,0.05,438,505,0.64,0.82,0.96,0.58,0.82,0.73,0.39,0.79,normal
237,tcp,OTH,23,242,1,178,240,4,181,0,57,106,66486,whois,87832,77783,74894,60949,641,0,0,763,769,0,0.67,0.27,0.56,45908,64061,74,327,219,452,0.59,0.65,0.64,679,641,0.75,0.24,0.97,0.33,0.88,0.96,0.74,0.46,attempted-dos
50,udp,RSTO,63,157,1,254,123,80,18,1,53,104,22139,sql_net,43546,15330,37781,48118,426,0,1,90,318,0,0.65,0.43,0.88,28718,9224,204,103,196,84,0.85,0.64,0.61,415,416,0.81,0.68,0.14,0.98,0.72,0.86,0.44,0.03,shellcode-detect
189,udp,REJ,117,109,0,146,151,206,251,0,4,133,75137,link,20911,40535,36081,91541,218,1,1,720,459,0,0.41,0.86,0.08,59080,56096,440,10,269,201,0.51,0.7,0.54,413,139,0.38,0.72,0.65,0.19,0.65,0.19,0.81,0.01,rpc-portmap-decode
192,tcp,SH,66,94,0,110,145,253,210,1,151,13,67698,bgp,5669,88733,49538,54771,182,0,1,877,476,0,0.12,0.83,0.03,48472,19894,241,35,34,211,0.21,0.44,0.67,528,503,0.67,0.52,0.16,0.24,0.36,0.75,0.36,0.15,attempted-recon
189,udp,S0,26,155,0,13,97,211,164,1,197,77,98835,daytime,41297,44583,39562,71685,564,1,0,28,768,0,0.09,0.18,0.91,40232,29827,256,56,341,483,0.05,0.27,0.19,170,759,0.49,0.82,0.33,0.13,0,0.64,0.42,0.2,normal
92,tcp,S0,10,136,1,172,142,201,86,0,129,108,62219,telnet,55343,61371,13814,74555,427,1,1,621,566,0,0.49,0.95,0.58,26067,20351,265,236,73,77,0.91,0.26,0.72,447,142,0.21,0.57,0.18,0.24,0.91,0.29,0.39,0.44,inappropriate-content
123,icmp,S2,198,232,0,231,212,88,83,0,150,151,12087,domain,93771,41214,11277,5506,196,1,1,891,151,0,0.72,0.39,0.06,19977,40706,175,255,3,64,0.94,0.97,0.36,490,413,0.28,0.12,0.2,0.51,0.37,0.53,0.06,0.24,normal
200,icmp,S3,130,144,1,221,136,88,97,0,125,107,40942,ctf,21446,61055,32009,67387,457,1,1,70,187,0,0.06,0.22,0.85,15184,3339,187,181,352,345,0.26,0.41,0.63,989,908,0.03,0.26,0.96,0.67,0.01,0.62,0.53,0.86,normal
176,icmp,SH,229,68,1,221,255,196,53,1,155,103,86410,tftp_u,10744,13591,41982,35015,686,0,0,306,864,0,0.73,0.07,0.45,3404,58712,310,249,26,475,0.03,0.1,0.07,462,502,0.16,0.84,0.37,0.85,0.21,0.18,0.78,0.68,attempted-admin
142,tcp,RSTOS0,77,114,0,199,8,150,156,1,143,46,82282,private,67295,31686,10297,34797,91,1,1,486,624,0,0.49,0.91,0.68,60786,55116,423,196,139,84,0.45,0.6,0.42,124,953,0.8,0.03,0.58,0.16,0.69,0.97,0.23,0.62,icmp-event
173,udp,RSTR,166,226,0,228,43,95,239,1,88,91,81939,private,79986,1948,78945,2850,523,1,1,973,628,0,0.17,0.09,0.33,51991,21380,439,214,313,301,0.82,0.26,0.63,343,278,0.31,0.9,0.79,0.19,0.85,0.02,0.6,0.2,normal
47,tcp,S1,139,78,0,158,12,192,65,1,4,15,74448,aol,6339,61194,98545,34055,212,0,1,844,910,0,0.32,0.8,0.41,42116,1904,316,324,246,82,0.05,0.17,0.44,511,891,0.72,0.62,0.98,0.54,0.84,0.62,0.7,0.04,normal
2,udp,OTH,154,18,0,242,169,75,197,0,207,135,89181,urp_i,70078,86076,59459,6263,497,0,1,616,886,0,0.26,0.2,0.79,61928,20217,289,22,382,473,0.99,0.27,0.17,634,111,0.3,0.06,0.12,0.2,0.68,0.59,0.01,0.49,normal
48,icmp,S1,90,85,0,220,198,255,131,0,253,100,21954,bgp,79018,47643,97275,43487,69,1,1,638,464,0,0.15,0.03,0.6,8754,1178,182,349,150,214,0.05,0.29,0.51,3,407,0.82,0.45,0.64,0.44,0.67,0.64,0.43,0.87,suspicious-filename-detect
236,tcp,SF,162,15,1,44,3,152,86,1,159,0,37524,nnsp,57947,17604,47159,51117,121,1,1,305,130,0,0.08,0.89,0.11,12660,21143,491,110,105,365,0.68,0.33,0.12,185,636,0.76,0.82,0.67,0.17,0.81,0.8,0.97,0.44,normal
142,icmp,S1,86,138,0,59,88,113,113,1,248,28,21057,netbios_ssn,41169,28096,81345,54574,663,0,0,818,168,0,0.03,0.04,0.01,18546,24150,69,227,124,341,0.71,0.74,0.84,56,708,0.29,0.09,0.93,0.32,0.99,0.58,0.47,0.11,rpc-portmap-decode
57,icmp,RSTR,153,96,0,182,65,212,169,1,106,86,43671,netbios_dgm,61425,78168,43072,92286,538,0,1,610,56,0,0.77,0.58,0.71,26965,15527,270,133,334,259,0.33,0.89,0.15,900,575,0.91,0.06,0.28,0.79,0.67,0.39,0.46,0.56,normal
43,icmp,S2,211,12,0,244,103,21,195,0,156,61,4583,netbios_ssn,71881,40019,90662,19096,207,0,1,201,50,0,0.89,0.93,0.78,31746,25459,316,43,377,48,0.01,0.12,0.64,372,544,0.27,0.97,0.54,0.07,0.78,0.79,0.7,0.34,normal
220,udp,S1,154,215,1,191,133,208,157,1,119,1,7277,uucp_path,77533,16223,71780,20109,502,0,1,610,698,0,0.06,0.63,0.71,38132,36797,145,167,378,184,0.28,0.3,0.62,7,131,0.85,0.01,0,0.4,0.05,0.55,0.79,0.88,normal
190,udp,REJ,227,221,0,241,5,204,74,0,43,126,35433,sunrpc,19357,21266,52735,48949,65,0,1,836,443,0,0.94,0.89,0.6,43033,16729,240,381,342,222,0.88,0.96,0.95,961,586,0.1,0.67,0.89,0.46,0.38,0.15,0.54,0.21,normal
43,udp,S1,192,212,0,4,102,161,239,0,195,31,42844,sunrpc,92655,59890,11578,78009,634,0,1,883,647,0,0.65,0.81,0.91,59412,35106,439,180,209,472,0.17,0.34,0.88,731,923,0.48,0.97,0.47,0.63,0.39,0.28,0.75,0.96,policy-violationn
134,tcp,S2,124,140,1,238,241,53,85,1,119,96,27175,netstat,44082,28816,20293,7078,428,0,1,606,104,0,0.34,0.63,0.97,53783,54994,45,58,53,308,0.68,0.84,0.16,595,264,0.76,0.38,0.29,0.02,0.64,0.05,0.37,0.99,normal
118,icmp,RSTR,113,33,0,172,164,239,199,1,145,23,49021,sql_net,45536,81156,21428,60457,262,0,1,8,389,0,0.81,0.7,0.54,36656,63658,484,337,398,170,0.78,0.87,0.94,313,803,0.73,0.75,0.09,0.23,0.35,0.14,0.85,0.61,normal
244,tcp,SF,164,95,0,168,183,4,92,1,36,122,65976,finger,41005,92843,20607,25354,254,0,1,337,477,0,0.52,0.04,0.18,2747,7300,255,227,320,92,0.62,0.48,0.64,607,943,0.06,0.54,0.12,0.25,0.53,0.95,0.99,0.86,denial-of-service
17,icmp,RSTO,128,252,1,221,219,13,195,0,42,122,89951,rje,98559,29495,668,89995,392,1,0,231,54,0,0.11,0.33,0.8,38262,60695,242,133,90,428,0.26,0.35,0.87,510,377,0.9,0.35,0.5,0.95,0.18,0.07,0.19,0.95,normal
153,tcp,S0,72,203,1,212,47,80,192,1,48,33,74916,rje,21201,66163,88241,37363,294,0,1,186,474,0,0.23,0.22,0.37,54087,49084,347,270,206,254,0.75,0.79,0.83,759,240,0.52,0.88,0.09,0.22,0.14,0.34,0.93,0.54,normal
139,tcp,S0,165,49,0,191,67,195,108,1,219,139,10383,sql_net,6213,33312,79350,37713,17,1,0,934,573,0,0.38,0.7,0.49,37054,32501,435,93,201,297,0.57,0.52,0.26,793,1000,0.69,0.86,0.36,0.3,0.59,0.32,0.88,0.56,normal
203,icmp,S1,39,81,0,136,202,113,94,0,245,20,67943,sql_net,73088,31003,4352,76827,452,1,1,604,451,0,0.65,0.15,0.6,54905,52098,288,195,39,22,0.8,0.11,0,814,900,0.7,0.46,0.08,0.27,0.81,0.27,0.3,0.31,normal
9,udp,SF,49,250,1,143,44,71,179,1,176,29,93346,tim_i,49560,20333,77934,70061,639,1,0,104,317,0,0.85,0.78,0.3,32823,54043,359,145,41,493,0.73,0.22,0.72,247,441,0.15,0.24,0.35,0.12,0.65,0.62,0.02,0.88,normal
103,udp,SF,10,181,0,209,43,100,159,0,215,110,18742,red_i,56245,73733,194,94690,581,0,1,624,382,0,0.35,0.35,0.16,28389,43289,321,153,20,187,0.14,0.25,0.06,832,489,0.17,0.35,0.71,0.07,0.34,0.57,0.03,0.49,normal
2,icmp,S2,1,221,1,53,107,89,93,0,189,26,60978,mtp,609,10473,26765,58799,317,0,1,38,256,0,0.31,0.46,0.49,42524,40598,19,309,282,301,0.14,0.47,0.19,417,244,0.53,0.57,0.52,0.12,0.18,0.02,0.32,0.5,normal
141,tcp,OTH,64,43,0,80,10,107,77,1,48,2,60937,whois,7581,63721,97168,34956,508,0,1,623,564,0,0.36,0.04,0.26,22216,49811,243,321,140,457,0.44,0.82,0.52,968,522,0.5,0.45,0.39,0.3,0.86,0.27,0.69,0.64,successful-recon-limited
220,tcp,S3,240,162,0,167,234,159,10,1,70,6,14316,printer,76192,93194,54179,52361,31,1,0,625,643,0,0.35,0.09,0.3,25403,48055,212,119,201,248,0.24,0.42,0.76,1000,758,0.6,0.75,0.8,0.18,0.41,0.6,0.4,0.72,normal
144,tcp,S2,249,141,1,22,73,249,173,0,176,47,10640,Z39_50,32842,53036,90457,82740,112,0,1,290,529,0,0.79,0.51,0,37279,5608,62,55,202,209,0.75,0.25,0.47,990,67,0.47,0.29,0.97,0.41,0.52,0.94,0.87,0.91,normal
238,udp,SH,53,226,1,52,67,203,4,0,34,134,77538,bgp,40710,13852,27863,8786,177,1,0,824,925,0,0.21,0.43,0.45,45687,63777,127,298,325,326,0.11,0.81,0,727,222,0.42,0.89,0.07,0.94,0.34,0.86,0.56,0.98,normal
171,udp,S3,211,59,1,61,6,220,13,1,67,154,49768,nnsp,26495,21502,42461,44751,341,1,1,313,886,0,0.65,0.39,0.76,8130,7845,193,374,116,237,0.92,0.79,0.44,60,382,0.39,0.64,0.72,0.57,0.53,0.87,0.46,0.58,normal
117,udp,S2,191,217,1,105,14,214,17,1,90,89,94886,netstat,27915,92660,36777,87330,127,1,0,415,599,0,0.33,0.25,0.53,24614,48093,75,30,193,202,0.73,0.74,0.71,413,380,0.78,0.59,0.09,0.89,0.28,0.45,0.54,0.73,normal
61,tcp,S2,108,12,0,57,15,144,19,0,245,84,88641,nnsp,59278,19004,8361,78627,188,1,1,363,594,0,0.58,0.66,0.31,21117,16914,92,51,353,400,0.58,0.72,0.1,108,738,0.16,0.35,0.11,0.69,0.13,0.01,0.27,0.03,unusual-client-port-connection
133,udp,S2,103,150,0,198,113,203,218,1,245,131,66848,hostnames,33795,7546,43552,56185,314,1,1,725,41,0,0.62,0.08,0.73,57381,6704,362,206,345,239,0.18,0.7,0.48,964,717,0.14,0.38,0.36,0.22,0.38,0.44,0.55,0.83,normal
102,udp,S1,108,4,0,195,1,165,46,1,246,62,41887,pm_dump,46363,86876,11014,31761,426,0,0,558,415,0,0.63,0.19,0.46,1979,24972,37,265,258,287,0.73,0.92,0.07,798,125,0.05,0.58,0.84,0.99,0.19,0.76,0.36,0.52,normal
113,udp,RSTOS0,50,76,1,255,158,89,194,1,0,150,57779,ctf,41298,316,59941,44909,152,1,0,79,412,0,0.95,0.84,0.38,40232,37712,342,395,78,402,0.09,0,0.5,50,435,0.04,0.17,0.31,0.09,0.44,0.23,0.37,0.53,normal
130,icmp,S2,253,161,0,120,38,186,122,1,231,140,38296,vmnet,63823,82245,6149,66550,213,1,1,198,668,0,0.15,0.14,0.82,31595,1094,257,133,295,44,0.59,0.74,0.79,619,727,0.21,0.89,0.38,0.8,0.46,0.92,0.38,0.74,normal
189,udp,S2,137,254,1,230,221,5,234,1,93,84,78851,Z39_50,94462,11488,30794,26327,508,1,0,823,238,0,0.72,0.6,0.03,57808,10910,402,225,28,125,0.1,0.47,0.23,351,263,0.91,0.5,0.51,0.04,0.13,0.63,0.7,0.58,normal
90,udp,S0,22,95,0,220,178,97,102,0,19,94,52446,harvest,65705,41085,9482,92472,11,1,1,282,566,0,0.54,0.6,0.37,35990,29029,80,90,376,210,0.5,0.17,0.76,496,384,0.69,0.09,0.12,0.35,0.85,0.54,0.23,0.34,normal
252,icmp,S0,172,165,0,112,179,61,197,1,90,99,68100,ssh,30078,97438,72145,14357,606,0,1,113,378,0,0.14,0.78,0.42,15134,5589,310,191,41,85,0.12,0.1,0.55,680,807,0.15,0.81,0.47,0.29,0.82,0.72,0.03,0.53,normal
245,tcp,REJ,131,94,1,59,102,241,155,1,48,18,2392,domain_u,74789,16431,40309,1505,282,1,0,605,852,0,0.94,0.02,0.81,9384,61075,112,80,205,445,0.62,0.5,0.86,654,964,0.83,0.47,0.73,0.62,0.16,0.19,0.07,0.61,normal
58,tcp,REJ,192,202,0,91,180,45,223,1,50,80,36957,X11,5973,76815,19730,73651,33,1,0,808,808,0,0.4,0.26,0.37,11584,35903,228,364,389,110,0.34,0.55,0.69,142,295,0.77,0.16,0.2,0.1,0.07,0.69,0.62,0.05,normal
205,tcp,RSTR,237,58,0,77,210,29,200,1,143,155,75012,pop_3,58217,13919,60963,17882,433,0,0,803,771,0,0.86,0.09,0.77,60446,54672,212,163,362,152,0.45,0.93,0.9,285,421,0,0.46,0.98,0.13,0.15,0.26,0.68,0.95,system-call-detect
9,udp,S1,244,94,0,158,39,223,46,1,216,106,29692,efs,90455,94929,24212,43436,680,0,1,779,334,0,0.38,0.37,0.83,47138,22460,374,152,378,417,0.26,0.51,0.39,367,0,0.45,0.6,0.66,0.87,0.79,0.23,0.28,0.32,normal
180,udp,REJ,27,142,0,29,126,116,8,1,106,118,48404,red_i,49446,34962,97277,14968,106,0,1,186,970,0,0.11,0.28,0.78,45139,55156,178,71,39,311,0.72,0.93,0.64,166,197,0.72,0.01,0.84,0.17,0.55,0.76,0.4,0.91,normal
186,icmp,S3,63,29,0,14,41,200,87,0,110,92,19164,netbios_ns,33572,8504,4566,12924,277,0,0,100,236,0,0.19,0.95,0.09,44079,39090,491,212,313,473,0.77,0.51,0.94,316,449,0.72,0.66,0.63,0.54,0.79,0.64,0.12,0.8,normal
105,udp,S1,245,1,0,229,225,165,58,1,201,140,49238,ctf,33807,2207,48232,35834,313,0,0,844,783,0,0.21,0.12,0.53,2769,39288,45,26,133,257,0.45,0.17,0.18,969,221,0.33,0.6,0.35,0.83,0.44,0.05,0.68,0.96,normal
192,udp,S3,22,54,0,11,108,254,1,1,11,29,60339,tftp_u,45502,85203,81035,59614,157,1,0,649,410,0,0.48,0.81,0.47,22729,16629,379,9,165,28,0.23,0.83,0.5,82,304,0.4,0.02,0.63,0.07,0.84,0.61,0.37,0.18,string-detect
139,icmp,SF,240,4,0,132,133,243,138,0,130,11,89857,http_8001,65353,39110,46596,66678,309,0,1,115,610,0,0.08,0.73,0.3,41857,57557,419,12,179,468,0.65,0.39,0.81,70,741,0.45,0.85,0.68,0.36,0.26,0.11,0.61,0.84,policy-violationn
243,udp,S0,141,85,1,5,32,62,82,1,47,90,91240,time,7075,25861,55659,5922,236,0,1,166,829,0,0.56,0.24,0.21,60762,62819,104,200,298,168,0.39,0.59,0.42,298,947,0.11,0.63,0.33,0.64,0.35,0.58,0.96,0.31,normal
194,udp,OTH,131,155,1,188,111,187,161,0,89,58,28751,tftp_u,78224,13924,56160,43315,541,0,1,862,495,0,0.98,0.57,0.03,886,57826,283,72,2,151,0.79,0.45,0.51,633,454,0.23,0.65,0.48,0.97,0.99,0.08,0.46,0.39,normal
137,icmp,RSTOS0,136,137,1,220,26,1,29,1,24,110,35678,ecr_i,27863,83127,91977,97308,243,0,0,135,148,0,0.7,0.22,0.59,65311,40991,425,142,247,481,0.31,0.7,0.85,294,50,0.63,0.09,0.67,0.84,0.12,0.33,0.95,0.96,normal
136,icmp,SH,201,94,0,159,164,230,41,0,94,118,41304,klogin,82255,43266,28061,22799,532,0,0,179,727,0,0.32,0.94,0.95,41684,55285,124,176,19,373,0.31,0.06,0.2,922,48,0.84,0.21,0.08,0.28,0.86,0.76,0.77,0.86,normal
128,tcp,SH,190,46,1,152,208,52,120,0,79,73,6932,http,50790,6987,55341,38548,538,0,1,1,212,0,0.8,0.06,0.36,43527,32752,43,375,334,192,0.59,0.3,0.06,599,710,0.31,0.27,0.87,0.43,0.09,0.55,0.38,0.75,successful-dos
239,tcp,S0,240,182,1,156,38,120,199,0,190,114,13646,echo,47286,74023,63006,15815,686,0,0,888,681,0,0.23,0.23,0.6,64490,16278,282,293,153,140,0.23,0.85,0.59,299,506,0.07,0.28,0.11,0.25,0.18,0.54,0.72,0.18,normal
230,icmp,SF,150,156,1,199,190,188,215,0,175,119,16236,link,80942,67588,83673,4224,78,1,0,98,762,0,0.66,0.26,0.97,12229,47632,304,97,61,428,0.05,0.06,0.62,205,903,0.26,0.66,0.32,0.67,0.03,0.22,0.84,0.28,normal
40,icmp,RSTOS0,194,165,0,135,84,86,101,0,175,12,94582,IRC,64115,70972,74432,60029,200,1,0,336,347,0,0.13,0.85,0.48,694,4682,231,392,192,70,0.88,0.98,0.48,40,776,0.26,0.59,0.47,0.81,0.69,0.08,0.04,0.49,normal
73,icmp,S3,208,202,0,73,54,138,129,1,199,14,14877,bgp,35534,20374,26590,70308,304,0,1,270,198,0,0.03,0.82,0.03,33715,23667,358,343,21,272,0.56,0.6,0.16,417,320,0.73,0.15,0.63,0.35,0.34,0.11,0.9,0.95,normal
226,icmp,S1,250,200,0,158,97,17,88,1,152,32,6319,ftp_data,82855,24121,53004,87134,625,1,0,911,129,0,0.69,0.59,0.23,34375,56831,467,219,17,16,0.76,0.9,0.58,921,942,0.29,0.49,0.32,0.75,0.95,0.69,0.1,0.85,web-application-activity
32,icmp,SF,79,215,0,71,50,161,148,0,133,87,1013,X11,57132,28903,85663,52822,575,1,1,922,99,0,0.99,0.84,0.56,55124,34114,378,13,9,272,0.32,0.56,0.97,442,400,0.3,0.45,0.28,0.89,0.65,0.08,0.82,0.79,normal
195,icmp,S1,69,117,0,64,81,239,248,0,213,112,76676,login,21065,26087,60921,27297,582,1,1,101,388,0,0.7,0.42,0.28,36864,41951,158,121,344,169,0.79,0.31,0.94,313,181,0.21,0.53,0.55,0.98,0.64,0.86,0.26,0.69,normal
82,udp,RSTOS0,73,14,0,244,89,162,217,0,48,112,21665,hostnames,70042,53757,95787,56272,150,1,0,457,91,0,0.28,0.45,0.26,43632,53083,139,236,292,52,0.6,0.63,0.46,555,299,0.88,0.08,0.1,0.58,0.28,0.94,0.38,0.58,normal
41,tcp,RSTO,232,37,1,207,198,200,197,1,212,70,65625,ssh,23233,75531,1326,47263,630,0,1,691,691,0,0.31,0.68,0.89,10403,60583,293,88,365,67,0.73,0.38,0.39,133,714,0.15,0.31,0.83,0.23,0.85,0.27,0.51,0.35,normal
74,tcp,OTH,70,181,0,233,57,131,208,0,37,36,76825,sql_net,15667,41963,84316,37111,600,0,0,942,785,0,0.33,0.35,0.67,16602,13223,96,377,193,335,0.57,0.67,0.99,892,660,0.84,0.27,0.78,0.11,0.51,0.11,0.83,0.68,normal
128,icmp,S0,53,96,0,151,55,30,97,1,121,134,21487,shell,31693,26065,61616,29859,189,1,1,745,640,0,0.09,0.34,0.98,3316,3513,127,217,387,143,0.48,0.21,0.72,397,412,0.25,0.96,0.3,0.96,0.59,0.69,0.53,0.36,normal
62,tcp,OTH,221,33,1,83,123,234,28,0,103,55,55206,pm_dump,55690,9565,93237,53136,571,0,0,866,427,0,0.38,0.88,0.02,47153,4858,19,387,231,45,0.59,0.57,0.39,555,351,0.8,0.77,0.5,0.38,0.21,0.42,0.62,0.64,normal
187,udp,OTH,215,153,0,129,238,27,207,0,223,141,95116,name,22726,5271,40280,10778,136,0,0,148,157,0,0.18,0.7,0.37,15990,31177,255,7,254,64,0.16,0.01,0.95,250,789,0.58,0.85,0.77,0.57,0.85,0.18,0.25,0.27,normal
157,udp,SH,41,134,0,196,109,150,134,1,200,150,54997,discard,65088,25851,94711,46073,12,0,0,615,915,0,0.39,0.69,0.78,64500,48556,58,156,35,308,0.09,0.95,0.93,376,250,0.36,0.47,0.9,0.03,0.94,0.05,0.95,0.4,non-standard-protocol
94,tcp,S1,42,61,1,112,108,173,168,1,7,37,19707,ctf,87879,8007,4950,22601,146,0,1,476,200,0,0.29,0.89,0.17,4260,10929,360,360,381,300,0.34,0.21,0.51,958,275,0.49,0.35,0.11,0.47,0.43,0.53,0.8,0.02,normal
135,icmp,RSTO,199,170,1,65,103,133,225,1,161,69,51728,time,88522,31593,71922,46725,201,0,1,429,172,1,0.89,0.41,0.89,2312,12023,441,29,252,480,0.42,0.93,0.02,385,668,0.69,0.89,0.42,0.13,0.63,0.23,0.49,0.43,normal
192,tcp,OTH,217,10,0,32,31,250,57,1,15,3,25474,efs,25726,82672,6636,72412,464,0,1,531,739,0,0.32,0.57,0.33,45543,58092,467,195,144,51,0.03,0.49,0.12,384,96,0.37,0.45,0.63,0.63,0.26,0.02,0.85,0.76,normal
167,tcp,RSTO,108,6,0,68,18,116,184,0,126,40,93519,vmnet,63465,22209,65614,60948,637,1,1,896,223,0,0.61,0.36,0.92,29296,13467,12,253,131,327,0.13,0.8,0.24,826,595,0.19,0.59,0.48,0.76,0.84,0.93,0.18,0.21,normal
198,icmp,RSTOS0,40,234,0,12,91,73,253,0,153,88,87904,urh_i,40610,92334,20828,40819,86,0,1,405,656,0,0.43,0.3,0.81,8308,31590,206,319,323,227,0.55,0.62,0.46,698,407,0.01,0.21,0.96,0.51,0.32,0.1,0.13,0.93,normal
82,tcp,S3,196,187,1,206,41,235,17,1,147,81,61784,kshell,79820,87386,59691,75346,21,1,1,370,206,0,0.12,0.4,0.57,7238,21015,171,154,211,224,0.74,0.42,0.41,347,551,0.53,0.19,0.4,0.46,0.27,0.57,0.71,0.42,normal
147,tcp,S0,230,171,1,119,249,192,134,1,2,101,77635,domain,74823,25429,41488,69360,542,1,1,521,827,0,0.56,0.81,0.53,35816,16777,299,12,58,143,0.31,0.89,0.82,683,947,0.19,0.89,0.9,0.24,0.36,0.83,0.72,0.49,web-application-attack
179,tcp,SH,231,230,0,171,60,100,162,1,134,37,53304,bgp,43405,62094,68985,81593,434,1,1,338,511,0,0.01,0.57,0.09,29942,43597,200,226,296,279,0.1,0.35,0.87,61,367,0.41,0.35,0.51,0.44,0.73,0.83,0.66,0.78,bad-unknown
132,tcp,REJ,124,147,0,151,130,198,234,1,226,52,78618,auth,89678,22444,45623,23339,472,1,1,904,816,0,0.09,0.95,0.33,44339,47814,23,108,338,195,0.03,0.36,0.11,525,429,0.23,0.28,0.43,0.06,0.26,0.87,0.4,0.81,normal
11,tcp,OTH,205,228,1,122,87,130,21,0,97,80,35022,domain,16540,50338,94524,80417,521,1,1,563,213,0,0.1,0.64,0.04,55229,26405,419,379,384,54,0.14,0.14,0.04,434,781,0.36,0.25,0.8,0.16,0.91,0.21,0.14,0.14,attempted-dos
140,icmp,SF,252,188,0,93,51,137,249,0,167,31,89009,other,23941,38742,11782,14932,126,0,0,331,812,0,0.57,0.88,0.22,63087,64220,210,325,163,175,0.76,0.63,0.8,280,165,0.17,0.31,0.64,0.61,0.66,0.3,0.67,0.37,web-application-activity
160,icmp,SF,55,116,1,104,137,170,40,0,236,104,74896,systat,70063,79197,90959,31501,122,0,0,250,90,0,0.55,0.39,0.54,21031,12180,279,353,260,294,0.16,0.8,0.68,36,918,0.84,0.97,0.56,0.08,0.79,0.46,0.28,0.34,rpc-portmap-decode
181,udp,S1,96,244,1,120,237,133,74,0,176,51,60604,gopher,12585,97691,25217,85740,64,0,1,439,812,0,0.38,0.29,0.24,62368,8880,460,266,306,164,0.12,0.9,0.75,712,882,0.81,0.63,0.49,0.26,0.48,0.77,0.33,0.82,unsuccessful-user
230,udp,S0,12,205,0,214,61,85,248,1,55,3,61179,http_8001,86203,62082,23297,76264,159,1,1,714,376,0,0.02,0.25,0.99,20990,2046,58,301,197,396,0.11,0.14,0.25,61,870,0.78,0.94,0.04,0.15,0.09,0.91,0.58,0.99,normal
209,udp,SH,12,45,1,97,53,83,143,0,67,147,27558,pop_3,45411,37193,41570,8616,211,0,1,647,771,0,0.8,0.29,0.16,35943,14138,398,127,59,157,0.49,0.49,0.27,232,92,0.41,0.69,0.6,0.48,0.61,0.04,0.38,0.11,normal
46,udp,SF,68,161,0,136,106,209,29,1,1,69,55573,domain_u,38342,12199,67823,65103,554,0,0,21,154,0,0.39,0.47,0.65,15502,36904,80,288,139,341,0.19,0.28,0.32,594,92,0.8,0.9,0.24,0.62,0.1,0.64,0.43,0.76,normal
50,tcp,S0,249,5,1,103,193,203,255,0,25,2,82580,red_i,64785,74829,3268,22040,618,1,1,336,394,0,0.5,0.8,0.5,22586,48144,310,114,281,476,0.5,0.84,0.26,95,717,0.94,0.19,0.91,0.23,0.16,0.25,0.98,0.62,string-detect
148,tcp,S3,140,123,0,12,114,15,88,0,178,152,63045,vmnet,66565,39064,37444,13786,176,0,1,835,554,0,0.36,0.87,0.67,38129,46601,44,2,205,309,0.61,0.65,0.45,504,818,0.01,0.55,0.93,0.87,0.89,0.9,0.87,0.28,normal
102,tcp,SF,152,251,0,49,74,185,14,0,110,41,11176,tftp_u,32762,55408,2154,26424,76,0,0,609,447,0,0.84,0.2,0.65,36931,34219,382,93,29,453,0.6,0.76,0.79,598,109,0.18,0.48,0.06,0.45,0.59,0.83,0.6,0.78,normal
99,tcp,SF,177,246,1,159,98,226,112,0,238,17,68286,other,61616,61306,80184,15204,682,1,1,115,939,0,0.99,0.64,0.08,31176,63294,477,1,270,15,0.79,0.67,0.18,26,955,0.06,0.28,0.14,0.75,0.81,0.16,0.65,0.17,normal
38,tcp,S0,77,60,1,241,39,153,44,1,229,47,15775,auth,44593,3882,70642,93353,55,1,0,854,249,0,0.14,0.39,0.57,8749,5464,16,392,282,360,0.72,0.86,0.87,201,859,0.03,0.63,0.82,0.1,0.48,0.87,0.03,0.18,shellcode-detect
194,icmp,S1,197,255,0,119,83,208,78,1,231,113,44710,netbios_ns,24947,13472,37936,25576,607,0,1,548,68,0,0.07,0.46,0.38,58242,19657,226,325,1,406,0.8,0.15,0.17,36,570,0.94,0.63,0.89,0.9,0.53,0.03,0.28,0.52,normal
34,tcp,SH,168,199,1,90,130,36,124,1,30,123,30033,ecr_i,65628,39920,21686,22366,341,1,1,113,135,0,0.31,0.08,0.64,38369,57293,175,208,315,20,0.29,0.04,0.3,403,387,0.15,0.68,0.26,0.49,0.8,0.41,0.28,0.6,policy-violationn
150,icmp,S1,2,50,0,223,22,134,122,0,61,42,20297,exec,17511,89434,56775,69131,168,0,0,515,950,0,0.87,0.76,0.7,64030,41330,324,300,173,242,0,0.8,0.32,387,473,0.28,0.09,0.19,0.24,0.01,0.83,0.79,0.96,normal
198,tcp,OTH,38,97,1,14,198,182,223,1,209,85,2276,gopher,74619,93414,8497,72171,134,1,0,851,380,0,0.66,0.71,0.04,41701,38211,298,53,158,238,0.27,0.82,0.14,634,26,0.5,0.06,0.01,0.86,0.71,0.8,0.39,0.27,normal
229,icmp,RSTO,44,209,0,4,179,147,156,1,236,132,6924,http_8001,3649,55955,69789,13994,537,0,1,417,913,0,0.72,0.16,0.64,13780,11009,218,80,378,183,0.09,0.56,0.09,278,878,0.62,0.84,0.14,0.64,0.83,0.99,0.01,0.7,string-detect
255,tcp,S0,184,41,0,231,16,98,226,0,201,106,7305,http_2784,1381,60322,75501,60558,226,1,0,749,480,0,0.96,0.37,0.63,14778,59081,297,124,178,418,0.62,0.69,0.19,42,552,0.29,0.8,0.53,0.54,0.04,0.97,0.19,0.54,suspicious-filename-detect
172,tcp,SF,65,87,0,3,170,52,147,0,74,129,70303,tftp_u,99053,25785,22099,18393,566,1,1,282,892,0,0.1,0.5,0.75,6976,32241,260,400,348,15,0.7,0.44,0.18,277,142,0.53,0.1,0.53,0.9,0.15,0.03,0.12,0.4,unusual-client-port-connection
216,icmp,SF,200,242,0,109,162,58,168,0,215,23,1060,ntp_u,3665,10854,31725,41939,470,0,0,692,523,0,0.15,0.5,0.43,49709,32224,378,18,259,457,0.72,0.52,0.26,244,424,0.07,0.42,0.33,0.02,0.05,0.02,0.57,0.68,shellcode-detect
22,udp,S1,26,217,0,53,167,233,207,1,203,141,7841,X11,56868,48598,59910,95151,356,0,0,935,704,0,0.11,0.34,0.78,17151,65029,402,188,203,477,0.26,0.82,0.85,774,452,0.03,0.78,0.33,0.4,0.11,0.63,0.26,0.85,normal
236,udp,RSTOS0,26,191,1,58,145,105,19,0,85,131,90708,shell,46043,22525,63897,57796,441,0,1,653,956,0,0.46,0.31,0.85,37738,52290,392,272,165,447,0.69,0.62,0.67,207,846,0.77,0.25,0.1,0.7,0.23,0.51,0.04,0.34,normal
65,tcp,RSTR,189,148,1,149,204,82,230,0,243,113,96041,whois,21753,22870,2103,23505,467,0,1,139,595,0,0.97,0.85,0.85,24190,13144,25,329,235,91,0.27,0.15,0.97,819,4,0.45,0.29,0.35,0.6,0.86,0.08,0.81,0.51,normal
10,udp,S2,58,245,0,216,177,169,207,1,127,40,52050,Z39_50,95710,69017,7533,79819,503,0,1,736,918,0,0.94,0.14,0.99,47660,7832,337,58,241,195,0.29,0.44,0.46,369,218,0.4,0.67,0.18,0.35,0.51,0.06,0.7,0.48,normal
70,icmp,SH,255,114,0,65,226,47,208,0,217,10,665,finger,46960,71477,81042,33766,211,1,0,92,771,0,0.61,0.55,0.98,32521,10336,470,135,293,194,0.48,0.49,0.71,932,272,0.68,0.67,0.8,0.44,0.7,0.57,0.61,0.18,normal
151,tcp,SF,53,162,0,12,208,25,121,0,105,50,32307,klogin,4158,87000,1796,62436,578,1,0,232,544,0,0.46,0.53,0.14,27451,18938,21,366,14,274,0.02,0.44,0.01,424,123,0.49,0.02,0.82,0.02,0.72,0.2,0.87,0.83,normal
115,tcp,S0,73,4,1,113,58,199,27,1,81,148,4302,netbios_dgm,60344,39422,52631,86785,653,1,1,517,626,0,0.3,0.94,0.53,27431,61151,9,329,333,279,0.1,0.43,0.7,995,23,0.93,0.76,0.1,0.49,0.6,0.46,0.57,0.61,normal
36,icmp,S1,79,85,1,201,3,144,25,0,172,133,93356,Z39_50,23610,1690,82467,10713,450,1,0,259,522,0,0.2,0.13,0.91,38929,2216,495,180,279,321,0.79,0.82,0.7,310,763,0.49,0.13,0.15,0.8,0.87,0.43,0.97,0.32,normal
223,udp,S3,49,174,0,51,164,0,116,1,57,56,93242,uucp_path,96575,43768,42002,25796,272,1,1,114,882,0,0.8,0.93,0.87,45903,56076,400,260,0,243,0.74,0.93,0.58,658,136,0.14,0.01,0.95,0.16,0.07,0.52,0.8,0.2,normal
237,udp,REJ,116,143,1,133,57,229,4,0,23,128,29232,csnet_ns,57166,23967,62582,39614,472,1,1,203,706,0,0.85,0.09,0.83,42702,18034,109,357,321,53,0.94,0.48,0.81,791,592,0.71,0.36,0.6,0.15,0.93,0.35,0.78,0.5,normal
183,udp,S3,180,59,0,117,101,217,17,1,47,48,62060,daytime,47486,5274,96709,18932,654,0,0,25,12,0,0.38,0.91,0.23,44927,23921,384,197,383,481,0.4,0.34,0.14,92,183,0.96,0.22,0.5,0.26,0.42,0.88,0.6,0.32,default-login-attempt
104,udp,SH,85,86,1,237,101,67,247,0,25,28,97328,smtp,66512,80168,49055,69731,383,1,0,335,499,0,0.67,0.01,0.61,65174,25611,488,273,173,453,0.08,0.01,0.4,781,427,0.63,0.56,0.92,0.12,0.56,0.44,0.56,0.49,normal
110,icmp,S0,200,167,0,146,187,108,155,0,14,27,54132,http_8001,38580,95940,12384,59152,559,1,0,677,90,0,0,0.25,0.82,29436,60643,266,214,54,40,0.78,0.87,0.51,455,248,0.86,0.28,0.32,0.88,0.68,0.6,0.87,0.01,unsuccessful-user
60,icmp,S3,54,166,0,215,232,9,79,1,214,104,41960,rje,84010,9618,38586,28919,4,1,0,234,647,0,0.53,0.51,0.34,58977,20709,447,181,22,218,0.14,0.82,0.03,720,796,0.85,0.96,0.37,0.89,0.08,0.21,0.9,0.09,normal
154,tcp,S2,185,94,1,191,28,40,20,0,233,4,77225,netbios_dgm,56800,87015,59780,75307,336,1,1,692,579,0,0.82,0.91,0.7,28962,52443,175,288,332,188,0.2,0.29,0.76,662,902,0.93,0.66,0.22,0.75,0.53,0.73,0.91,0.4,normal
14,tcp,REJ,96,241,1,55,35,22,182,1,140,109,40592,hostnames,72604,52442,5656,59585,130,0,1,405,850,0,0.34,0.96,0.42,22294,56983,490,135,141,271,0.59,0.26,0.41,190,388,0.79,0.52,0.59,0.58,0.55,0.72,0.5,0.29,normal
32,tcp,S0,76,226,1,232,93,45,109,1,94,133,12585,finger,77948,87337,28780,32189,4,1,0,976,883,0,0.44,0.96,0.91,10993,58452,378,144,367,100,0.14,0.31,0.7,638,411,0.52,0.33,0.9,0.35,0.82,0,0.89,0.05,normal
28,tcp,S2,163,66,0,52,150,54,244,1,100,35,4163,remote_job,61743,22738,21924,74123,64,1,1,432,472,0,0.7,0.18,0.66,32809,19238,198,160,80,15,0.71,0.73,0.19,731,58,0.31,0.84,0.38,0.32,0.43,0.49,0.36,0.41,normal
246,icmp,REJ,207,171,1,2,204,91,228,0,100,31,20839,time,21874,18112,69197,32831,622,0,1,906,628,0,0.33,0.91,0.37,24957,23057,212,196,97,253,0.81,0.49,0.72,135,30,0.6,0.36,0.59,0.57,0.56,0.39,0.77,0.62,normal
209,icmp,RSTOS0,77,148,0,102,177,233,200,1,51,46,42231,smtp,94685,48076,55264,91731,326,1,0,626,937,0,0.86,0.33,0.14,42082,16843,426,373,233,204,0.88,0.21,0.73,417,72,0.75,0.71,0.4,0.35,0.38,0.97,0.26,0.75,normal
229,icmp,REJ,111,239,0,252,208,194,227,0,215,92,68437,supdup,89802,8682,14537,84878,461,1,0,167,137,0,0.19,0.65,0.52,59257,58768,494,130,396,4,0.79,0.35,0.22,409,807,0.46,0.12,0.95,0.54,0.65,0.85,0.33,0.97,normal
37,udp,SH,61,164,0,253,161,244,27,1,151,37,55821,imap4,87716,11573,89552,4123,636,0,1,349,259,0,0.48,0.37,0.02,37170,55346,135,91,256,357,0.12,0.91,0.4,158,905,0.63,0.17,0.9,0.93,0.82,0.55,0.65,0.36,normal
207,tcp,OTH,193,67,0,185,175,196,195,0,90,145,4703,smtp,88766,49831,92704,31222,464,1,0,186,578,0,0.26,0.3,0.24,19532,24229,135,105,260,46,0.36,0.53,0.7,643,886,0.78,0.82,0.12,0.08,0.47,0.16,0.2,0.12,bad-unknown
83,udp,REJ,231,49,0,191,83,98,126,0,88,104,90990,pm_dump,9356,67907,14367,11679,484,1,1,405,362,0,0.9,0.09,0.21,13400,13342,362,278,232,467,0.52,0.96,0.23,87,490,0.91,0.44,0.97,0.66,0.48,0.97,0.73,0.75,normal
177,tcp,S2,26,146,0,25,97,241,20,1,148,25,79491,supdup,44114,28748,53067,34986,269,1,1,664,23,0,0.97,0.16,0.29,60584,64468,434,341,241,64,0.4,0.67,0.67,135,1000,0.4,0.31,0.37,0.6,0.8,0.51,0.68,0.4,successful-admin
140,tcp,S3,109,37,1,175,69,175,41,1,87,67,81457,nntp,57794,54816,91173,37657,414,1,1,35,560,0,0.65,0.98,0.88,1632,39101,317,57,273,338,0.81,0.41,0.36,379,285,0.8,0.8,0.52,0.28,0.78,0.35,0.1,0.76,normal
38,tcp,REJ,204,17,0,176,46,249,190,1,80,60,54702,link,87381,68650,81596,85645,215,0,1,291,270,0,0.26,0.28,0.34,18424,61519,149,329,375,384,0.99,0.37,0.31,181,286,0.89,0.66,0.93,0.26,0.66,0.43,0.11,0.95,attempted-dos
160,udp,RSTOS0,139,169,1,195,32,186,181,1,2,40,50332,harvest,97457,74074,67195,84154,14,1,0,159,641,0,0.44,0.68,0.24,57177,53262,448,262,150,304,0.61,0.87,0.39,898,279,0.37,0.66,0.03,0.14,0.73,0.84,0.95,0.53,non-standard-protocol
199,udp,S2,219,88,1,117,177,172,154,1,212,70,41229,telnet,78860,77600,66797,55760,309,0,0,97,196,0,0.57,0.41,0.09,19977,14196,37,56,28,10,0.72,0.6,0,247,615,0.74,0.73,0,0.43,0.38,0.94,0.65,0.43,normal
72,icmp,S3,63,164,0,195,252,184,17,0,85,148,68599,gopher,87723,39946,7378,24674,525,1,1,702,808,0,0.58,0.93,0.72,46756,53670,100,35,89,393,0.21,0.22,0.46,106,575,0.84,0.25,0.47,0.64,0.44,0.52,0.17,0.46,normal
183,icmp,REJ,145,188,0,0,150,12,92,1,238,26,88372,name,2163,43712,54983,95392,382,0,0,548,282,0,0.87,0.61,0.22,42503,11066,2,2,201,194,0.07,0.94,0.76,526,454,0.49,0.53,0.74,0.35,0.88,0.22,0.89,0.15,normal
90,icmp,RSTOS0,174,151,1,12,173,66,106,0,240,32,45362,ssh,68835,92962,71356,76947,480,1,0,827,874,0,0.03,0.24,0.47,35599,40557,320,175,124,454,0.83,0.04,0.24,810,916,0.09,0.47,0.34,0.84,0.74,0.37,0.36,0.9,normal
160,tcp,REJ,87,66,1,161,111,103,80,1,143,45,44649,sql_net,60001,88226,87108,60537,378,0,0,276,862,0,0.92,0.05,0.34,21308,44264,33,188,198,1,0.73,0.79,0.91,364,523,0.16,0.66,0.42,0.17,0.12,0.4,0.72,0.3,rpc-portmap-decode
207,udp,RSTR,62,205,0,113,220,70,92,1,198,73,23840,netbios_ns,17850,35412,36145,66141,128,0,1,183,853,0,0.98,0.02,0.61,17875,44876,140,19,314,153,0.48,0.03,0.13,811,455,0.61,0.42,0.06,0.26,0.96,0.94,0.56,0.97,not-suspicious
254,udp,S2,88,161,1,163,112,24,167,1,7,119,35037,efs,47334,36853,7686,71937,124,1,1,870,411,0,0.02,0.49,0.65,6186,27770,373,76,102,262,0.74,0.24,0.37,19,469,0.87,0.01,0.92,0.62,0.02,0.81,0.43,0.47,normal
175,icmp,S1,196,238,1,227,149,246,22,0,148,150,49380,iso_tsap,55855,18188,88649,8766,209,0,0,73,715,0,0.32,0.96,0.18,25179,4994,157,93,46,84,0.71,0.55,0.95,742,888,0.67,0.8,0.64,0.02,0.3,0.48,0.4,0.43,normal
195,tcp,S1,25,186,0,35,110,218,185,1,34,155,6246,tim_i,31890,25020,20330,93579,131,1,0,365,722,0,0.19,0.37,0.18,17796,10591,95,373,390,35,0.65,0.34,0.1,948,312,0.42,0.44,0.47,0.29,0.68,0.51,0.61,0.75,unknown
130,icmp,S2,236,33,1,10,188,163,152,1,137,119,39949,netbios_ns,33140,18754,7304,83198,665,1,1,467,37,0,0.4,0.91,0.44,41619,64495,454,191,60,455,0.87,0.8,0.58,163,691,0.22,0.46,0.16,0.25,0.52,0.51,0.34,0.82,inappropriate-content
224,udp,S2,64,111,1,165,98,204,190,0,165,37,87177,netbios_ns,961,11756,39836,64177,608,1,0,761,491,0,0,0.44,0.2,27528,10867,451,237,151,84,0.52,0.56,0.1,707,161,0.99,0.46,0,0.28,0.48,0.64,0.58,0.79,normal
143,tcp,RSTO,228,126,0,39,50,180,185,1,182,74,39667,http_443,47532,9080,20044,10073,316,0,0,978,906,0,0.09,0,0.85,10628,61814,271,27,337,189,0.98,0.2,0.02,397,387,0.31,0.32,0.97,0.26,0.85,0.25,0.62,0.77,inappropriate-content
196,tcp,OTH,119,175,1,216,80,27,204,1,0,96,5187,ftp,98267,93951,6665,43015,588,1,1,233,430,0,0.61,0.49,0.54,24675,25923,454,225,195,402,0.11,0.55,0.56,374,835,0.98,0.81,0.3,0.48,0.78,0.38,0.59,0.39,attempted-dos
199,icmp,RSTO,209,234,1,215,20,16,122,0,131,40,25090,netbios_dgm,58555,1591,85531,48237,328,1,1,225,961,0,0.32,0.61,0.83,46572,65353,67,319,74,346,0.94,0.16,0.97,278,299,0.78,0.46,0.13,0.69,0.48,0.98,0.16,0.64,web-application-activity
177,udp,S3,140,167,0,45,149,29,142,0,19,86,65638,urp_i,7519,76949,44827,55468,475,0,0,575,800,0,0.45,0.8,0.98,59648,20749,463,9,292,11,0.5,0.38,0.97,782,103,0.28,0.79,0.7,0.48,0.54,0.73,0.89,0.44,normal
65,udp,SF,179,51,0,147,212,168,90,0,139,145,77144,red_i,38829,96972,73631,26895,686,0,0,442,314,0,0.43,0.83,0.19,54306,58559,276,195,190,213,0.98,0.58,0.29,211,602,0.93,0.74,0.38,0.19,0.43,0.82,0.71,0.82,normal
2,tcp,RSTR,146,226,0,23,165,176,150,0,68,127,90140,whois,29784,56772,49277,12442,190,0,1,236,116,0,0.18,0.81,0.04,1631,58002,249,381,317,240,0.07,0.28,0.84,462,790,0.02,0.1,0.76,0.52,0.41,0.48,0.5,0.76,web-application-activity
51,icmp,RSTO,33,131,0,71,243,20,79,0,148,123,73730,netstat,90827,88187,55034,17341,42,1,0,872,244,0,0.85,0.84,0.22,7271,36247,118,220,38,429,0.33,0.26,0.33,467,96,0.59,0.22,0.93,0.12,0.02,0.46,0.78,0.9,normal
30,icmp,RSTO,223,106,1,36,37,132,1,1,201,13,24487,login,82753,17177,93191,79819,548,0,0,119,90,0,0.04,0.33,0.82,56789,26767,352,15,172,358,0.87,0.71,0.51,361,318,0.18,0.26,0.86,0.45,0.01,0.42,0.84,0.89,normal
224,udp,S0,66,34,1,232,103,199,106,0,225,68,60124,imap4,73618,25980,66304,29573,454,1,1,255,467,0,0.88,0.26,0.99,9738,4560,203,107,218,250,0.31,0.52,0.67,884,217,0.2,0.25,0.14,0.69,0.96,0.77,0.7,0.75,normal
184,icmp,RSTO,185,89,0,68,205,234,169,0,165,20,23543,klogin,48954,49883,98276,85521,286,0,1,327,618,0,0.59,0.19,0.36,15551,11474,488,313,391,308,0.51,0.79,0.81,357,240,0.66,0,0.94,0.24,0.55,0.08,0.58,0.15,normal
61,icmp,RSTR,114,104,1,213,126,240,72,1,225,89,41357,urh_i,58238,82025,9416,90714,232,1,1,275,78,0,0.03,0.08,0.47,64390,19435,352,328,128,422,0.63,0.88,0,148,21,0.36,0.94,0.42,0.14,0.37,0.63,0.71,0.22,network-scan
168,tcp,RSTOS0,97,235,1,208,199,146,114,0,254,139,26362,shell,98625,40791,28384,94623,601,1,0,835,646,0,0.64,0.7,0.26,23259,60975,389,243,195,25,0.84,0.55,0.36,838,252,0.73,0.58,0.57,0.29,0.69,0.01,0.54,0.43,normal
206,tcp,OTH,116,236,1,26,247,52,76,0,229,43,98906,uucp_path,58460,53201,21313,67347,446,1,0,208,641,0,0.75,0.99,0.9,63453,56699,475,257,5,129,0.33,0.5,0.89,399,527,0.15,0.3,0.01,0.34,0.8,0.04,0.79,0.57,normal
47,icmp,RSTO,240,71,0,11,28,179,144,1,45,90,8532,uucp_path,34544,12715,49199,24345,61,0,1,744,103,0,0.21,0.94,0.57,47243,60064,76,399,112,454,0.42,0.61,0.69,334,133,0.37,0.79,0,0.96,0.35,0.56,0.17,0.84,normal
240,tcp,S1,208,127,1,18,19,124,243,1,224,35,59353,tim_i,20241,75126,18068,11190,340,0,0,367,747,0,0.67,0.46,0.64,46210,49265,374,25,169,46,0.48,0.76,0.53,163,449,0.71,0.69,0.48,0.11,0.05,0.11,0.66,0.79,normal
4,icmp,SH,58,76,1,90,117,232,112,1,37,78,14730,supdup,56153,60119,16676,29325,245,1,1,674,625,0,0.34,0.07,0.05,29092,10568,25,237,140,66,0.93,0.1,0.39,998,678,0.49,0.16,0.44,0,0.09,0.67,0.1,0.19,normal
59,icmp,SF,242,138,0,69,55,119,111,0,227,27,72004,supdup,33401,93600,63439,60673,290,0,0,507,702,0,0.81,0.56,0.36,22093,25824,70,262,171,141,0.07,0.84,0.7,994,647,0.8,0.55,0.23,0.92,0.34,0.45,0.47,0.12,normal
26,udp,RSTO,1,48,0,42,34,49,144,0,230,135,96852,whois,89291,82629,28295,63130,267,1,1,102,615,0,0.35,0.36,0.2,14004,35220,325,75,277,26,0.52,0,0.7,521,236,0.73,0.36,0.66,0.89,0.17,0.01,0.5,0.43,normal
152,icmp,S2,44,60,1,129,192,36,16,1,252,31,5043,domain_u,64487,40147,16837,25493,485,0,1,932,888,0,0.97,0.8,0.42,16471,61614,479,365,125,279,0.27,0.08,0.84,395,148,0.12,0.09,0.55,0.67,0.82,0.65,0.4,0.22,normal
5,tcp,RSTOS0,3,34,1,229,244,95,105,1,159,147,94094,sunrpc,19614,15169,50493,81699,16,0,1,483,23,0,0.64,0.45,0.86,9570,33870,217,155,256,173,0.38,0.22,0.54,876,687,0.71,0.01,0.69,0,0.92,0.09,0.38,0.58,normal
117,udp,S0,241,132,1,145,53,55,58,0,157,142,2290,gopher,14564,85380,49347,12601,612,1,1,991,613,0,0.64,0.86,0.33,40781,31237,341,60,309,259,0.27,0.78,0.69,406,969,0.33,0.38,0.85,0.36,0.18,0.68,0.32,0.24,normal
193,udp,RSTOS0,153,10,1,180,100,81,187,0,244,137,89965,sunrpc,35809,64990,87573,30151,97,0,1,607,533,0,0.89,0.14,0.33,23489,34023,27,317,396,278,0.13,0.02,0.16,411,57,0.14,0.72,0.28,0.48,0.17,0.78,0.99,0.4,normal
171,icmp,RSTO,217,85,0,46,164,112,233,1,180,151,90876,daytime,26647,68152,22165,53072,600,1,1,223,589,0,0.17,0.65,0.36,24768,35864,262,378,223,429,0.9,0.44,0.35,259,126,0.49,0.33,0.72,0.57,0.83,0.75,0.32,0.24,network-scan
70,icmp,S3,91,76,1,243,89,72,129,0,83,132,39370,nnsp,88330,4601,58140,47982,119,0,1,615,17,0,0.05,0.03,0.32,15441,12210,409,313,65,98,0.22,0.37,0.11,994,470,0.98,0.02,0.49,0.26,0.83,0.1,0.5,0.96,normal
75,tcp,SH,177,79,0,164,68,236,208,1,182,92,72745,nntp,25281,9441,1547,30089,532,1,1,217,600,0,0.17,0.6,0.58,6525,1181,454,19,260,187,0.04,0.11,0.6,596,38,0.86,0.24,0.97,0.3,0.72,0.49,0.6,0.1,normal
72,tcp,S1,59,166,1,236,4,107,72,0,117,90,32430,courier,1196,51135,27434,59092,37,1,0,999,226,0,0.6,0.95,0.75,29695,45261,427,347,388,351,0.71,0.19,0.38,136,593,0.05,0.79,0.73,0.04,0.11,0.12,0.69,0.98,normal
131,icmp,S3,28,76,1,51,104,216,143,0,72,99,12771,name,68648,16338,8420,60833,209,0,0,526,121,0,0.61,0.83,0.38,9770,37044,134,315,368,144,0.74,0.65,0.81,785,857,0.66,0.43,0.37,0.03,0.81,0.61,0.67,0.41,normal
202,tcp,RSTR,81,93,0,162,134,237,132,0,138,44,50697,http_2784,36139,32798,27711,23116,507,1,1,105,874,0,0.93,0.51,0.4,35410,26452,365,3,289,212,0.18,0.29,0.54,512,188,0.4,0.04,0.46,0.13,0.23,0.6,0,0.54,normal
85,udp,RSTR,90,59,0,29,149,84,111,0,153,112,89424,http,29543,78379,40815,30576,275,0,1,373,161,0,0.98,0,0.49,22961,21286,415,166,66,471,0.56,0.88,0.55,395,893,0.09,0.57,0.32,0.48,0.62,0.35,0.08,0.54,normal
199,icmp,SH,220,108,0,38,50,232,197,0,63,140,91182,domain_u,88768,15630,12102,38432,129,0,0,929,778,0,0.23,0.21,0.38,38522,7076,284,273,164,441,0.65,0.71,0.59,878,736,0.09,0.19,0.18,0.58,0.82,0.18,0.18,0.8,rpc-portmap-decode
135,tcp,RSTR,223,213,0,10,113,42,169,1,12,79,35162,netstat,83201,69267,79275,54394,207,0,1,461,739,0,0.2,0.94,0.56,47398,9026,392,210,331,331,0.96,0.83,0.62,603,361,0.51,0.91,0.13,0.25,0.36,0.99,0.09,0.07,normal
52,udp,RSTO,37,128,1,26,121,161,5,0,215,46,75658,ctf,21813,28782,19988,1565,374,1,1,548,867,0,0.95,0.59,0.99,46410,41948,168,10,62,225,0.37,0.25,0.86,726,797,0.21,0.9,0.02,0.48,0.43,0.05,0.78,0.8,normal
145,icmp,RSTR,172,192,1,50,87,48,104,1,198,37,53834,ctf,81317,5485,46876,98729,336,1,0,810,618,0,0.32,0.46,0.2,24782,29003,232,50,149,448,0.82,0.09,0.03,489,38,0.41,0.14,0.84,0.5,0.55,0.83,0.87,0.87,normal
80,icmp,S1,175,28,1,116,163,113,223,1,16,58,69245,supdup,49787,9613,75008,77177,523,0,1,849,689,0,0.78,0.84,0.63,55001,56424,205,97,325,45,0.42,0.79,0.18,924,766,0.39,0.02,0.01,0.54,0.81,0.69,0.91,0.44,normal
179,udp,S2,144,230,0,2,243,121,193,1,147,76,89715,pm_dump,70675,77109,52839,73031,676,1,0,214,410,0,0.4,0.61,0.25,10707,62521,448,290,245,122,0.35,0.23,0.13,161,782,0.54,0.13,0.67,0.54,0.8,0.52,0.99,0.68,bad-unknown
236,tcp,RSTR,255,30,0,47,84,244,188,0,228,109,87299,time,13445,29091,20787,37072,481,1,1,586,227,0,0.82,0.14,0.86,18086,57631,321,97,370,249,0.39,0.31,0.99,325,857,0.84,0.55,0.64,0.94,0.13,0.53,0.04,0.46,normal
232,udp,OTH,238,195,0,18,189,109,252,1,119,80,97753,auth,75708,92523,21514,50611,407,1,0,463,232,0,0.19,0.2,0.38,31353,1536,431,159,131,460,0.01,0.86,0.49,741,516,0.46,0.25,0.12,0.75,0.9,0.46,0.86,0.38,normal
246,icmp,S3,117,47,0,238,74,107,147,0,143,123,4678,urp_i,66436,73314,22683,37234,75,0,1,316,831,0,0.53,0.86,0.42,12059,29856,46,123,92,491,0.88,0.38,0.2,354,383,0.99,0.93,0.67,0.5,0.23,0.98,0.86,0.54,normal
181,icmp,RSTOS0,233,176,1,185,240,172,136,1,244,48,66584,pop_2,655,2544,83448,31996,232,1,1,925,528,0,0.5,0.27,0.04,35840,23221,71,123,351,444,0.18,0.65,0.43,791,411,0.23,0.22,0.88,0.69,0.48,0.94,0.2,0.47,normal
234,tcp,SH,137,148,0,225,1,162,231,1,124,45,58171,shell,78721,21818,43661,62002,387,1,1,128,751,0,0.96,0.51,0.49,17241,54835,334,171,92,422,0.05,0.67,0.12,343,757,0.15,0.55,0.99,0.68,0.52,0.04,0.29,0.74,normal
103,tcp,RSTOS0,233,126,0,8,200,12,141,1,208,8,4584,ldap,51332,18386,73874,8434,90,1,1,257,133,0,0.26,0.67,0.01,15718,26096,328,356,260,376,0,0.79,0.62,901,427,0.7,0.76,0.5,0.16,0.43,0.32,0.32,0.02,normal
216,tcp,SH,108,12,1,240,221,159,118,1,82,43,21816,rje,4359,23333,22695,25433,9,1,0,13,463,0,0.9,0.67,0.59,35344,21002,280,341,390,144,0.09,0.14,0.74,149,541,0.07,0.65,0.97,0.43,0.07,0.18,0.6,0.54,misc-activity
156,icmp,RSTOS0,84,89,1,252,8,164,196,1,135,69,35620,X11,62850,24069,46025,90345,102,0,0,723,351,0,0.55,0.68,0.17,29449,53601,162,336,6,98,0,0.22,0.98,619,544,0.7,0.25,0.63,0.98,0.02,0.13,0.84,0.95,bad-unknown
97,tcp,OTH,101,2,1,252,210,99,246,1,43,66,28903,red_i,6191,86200,14798,34872,427,0,1,774,262,0,0.94,0.02,0.55,11412,50072,250,202,101,40,0.39,0.62,0.45,808,938,0,0.49,0.25,0.51,0.07,0.54,0.08,0.38,normal
151,icmp,OTH,189,146,1,79,13,156,9,0,228,32,88657,X11,25584,40196,64040,94843,504,1,1,423,852,0,0.24,0.57,0.88,51000,18048,469,296,367,239,0.54,0.3,0.91,391,674,0.75,0.97,0.81,0.56,0.51,0.49,0.02,0.59,non-standard-protocol
230,icmp,SH,17,46,1,69,223,56,242,1,151,14,11601,ftp_data,45244,60229,43742,41721,669,0,0,269,603,0,0.35,0.82,0.5,48148,610,56,262,70,411,0.33,0.14,0.96,364,339,0.95,0.75,0.81,0.06,0.78,0.51,0.86,0.81,normal
189,icmp,REJ,196,159,0,130,118,72,150,0,238,33,77068,http_443,80013,2397,19138,41610,505,1,1,98,967,0,0.08,0.77,0.19,34028,35047,485,15,139,229,0.97,0.38,0.43,63,186,0.22,0.23,0.12,0.06,0.76,0.3,0.13,0.74,normal
232,tcp,S2,39,40,0,59,171,237,5,0,51,84,97573,domain_u,47719,68589,70560,85295,269,0,1,703,793,0,0.63,0.18,0.86,3457,40089,315,66,200,414,0.6,0.96,0.52,769,62,0.97,0.55,0.76,0.52,0.47,0.49,0.43,0.14,normal
156,tcp,REJ,176,248,1,182,154,155,131,0,209,80,77476,imap4,64425,56171,60913,62009,198,0,0,857,547,0,0.92,0.35,0.51,46761,7846,466,322,119,448,0.43,0.15,0.99,565,915,0.85,0.24,0.8,0.51,0.43,0.71,0.96,0.16,normal
156,tcp,RSTO,252,22,0,86,10,208,65,0,103,103,2066,private,41267,98828,63499,59603,530,0,0,221,596,0,0.01,0.23,0.53,31434,7441,462,331,82,3,0.78,0.09,0.87,763,132,0.48,0.53,0.72,0.35,0.61,0.6,0.92,0.03,normal
104,tcp,S3,33,92,1,23,216,49,18,1,83,106,20225,uucp_path,55017,44907,18703,46055,86,1,0,211,858,0,0.54,0.79,0.72,36109,51646,422,39,243,170,0.25,0.02,0.02,440,768,0.89,0.58,0.61,0,0.93,0.83,0.11,0.94,normal
154,icmp,OTH,106,237,1,220,192,182,219,1,52,12,39719,whois,74501,89313,85204,32095,356,0,1,969,603,0,0.46,0.78,0.1,15996,58140,283,373,244,333,0.57,0.57,0.15,136,875,0.95,0.98,0.3,0.15,0.88,0.54,0.35,0.92,successful-admin
214,icmp,S2,11,106,1,18,134,168,51,0,79,9,14451,tim_i,35076,88203,32775,64650,259,1,1,10,689,0,0.12,0.1,0.13,64949,893,116,95,36,139,0.26,0.5,0.87,153,263,0.5,0.84,0.61,0.41,0.56,0.15,0.57,0.96,normal
121,tcp,RSTO,243,254,0,93,37,243,3,1,193,155,11218,http_8001,43452,72295,94767,96160,113,1,1,794,95,0,0.2,0.65,0.41,16209,62587,322,310,242,254,0.42,0.77,0.3,912,745,0.92,0.18,0.26,0.09,0.73,0.9,0.92,0.32,normal
169,udp,RSTR,38,128,1,164,126,202,42,1,153,147,14442,http,71564,9598,36252,52803,604,0,0,652,400,0,0.87,0.3,0.47,3854,4871,454,119,165,206,0.21,0,0.1,921,738,0.43,0.78,0.13,0.18,0.54,0.73,0.01,0.15,normal
65,icmp,S1,80,173,0,119,7,62,248,1,186,55,33206,ssh,14447,6157,89279,23088,241,0,0,231,656,0,0.2,0.37,0.01,58385,8223,243,220,154,387,0.82,0.46,0.25,512,724,0.31,0.68,0.69,0.66,0.52,0.15,0.7,0.13,normal
230,tcp,RSTO,78,127,1,146,68,23,34,1,154,132,50800,tftp_u,98517,2292,14167,6328,5,0,0,852,226,0,0.06,0.15,0.35,22,46493,216,336,338,148,0.49,0.49,0.05,74,498,0.72,0.56,0.97,0.24,0.6,0.26,0.19,0.94,normal
145,udp,RSTOS0,132,62,0,34,158,141,124,1,42,76,86695,netbios_ns,9951,43476,42953,59212,459,1,1,666,434,1,0.62,0.89,0.7,37211,54440,360,64,273,401,0.97,0.07,0.29,231,513,0.36,0.75,0.26,0.55,0.9,0.15,0.84,0.22,normal
59,udp,REJ,229,64,0,199,39,135,151,1,222,50,22027,other,67316,33060,51593,43538,531,1,0,417,201,0,0.1,0.34,0.01,1407,49472,434,352,32,382,0.96,0.79,0.02,248,99,0.44,0.94,0.61,0.12,0.68,0.7,0.36,0.6,normal
208,icmp,S0,42,199,0,248,161,69,123,0,240,59,92455,klogin,82918,27460,44169,80220,491,1,1,116,295,0,0.12,0.71,0.64,45799,6785,308,51,144,62,0.85,0.53,0.86,162,990,0.81,0.91,0.88,0.45,0.37,0.35,0.21,0.13,normal
40,tcp,S3,189,54,1,141,237,59,241,0,55,136,31483,eco_i,27255,73841,10409,78448,604,1,1,742,392,0,0.88,0.02,0.4,60069,34747,50,54,269,311,0.88,0.06,0.46,277,722,0.28,0.28,0.89,0.3,0.74,0.45,0.18,0.65,normal
68,tcp,RSTO,158,43,0,36,56,170,209,0,54,61,98832,csnet_ns,30106,42526,31171,43536,52,0,1,176,87,1,0.61,0.15,0.33,60292,3470,151,268,75,312,0.04,0.49,0.87,263,102,0.45,0.43,0.53,0.9,0.37,0.46,0.17,0.86,normal
180,udp,RSTR,33,34,1,234,113,199,130,1,247,117,94647,vmnet,88850,44632,74751,23842,321,1,0,795,929,0,0.41,0.18,0.31,28372,46575,192,282,93,301,0.51,0.87,0.5,241,107,0.05,0.14,0.38,0.26,0.98,0.66,0.92,0.48,default-login-attempt
20,tcp,SF,121,158,0,31,230,227,47,1,92,19,38142,ssh,48701,11059,90520,67761,72,1,1,692,936,0,0.1,0.44,0.25,33686,21212,206,248,283,113,0.86,0.6,0.97,677,305,0.62,0.57,0.55,0.76,0.04,0.92,0.89,0.51,normal
106,udp,RSTOS0,116,28,1,48,250,52,193,1,88,68,22205,rje,37796,1833,1432,87287,50,1,0,177,413,0,0.27,0.32,0.04,31632,51148,325,190,42,329,0.69,0.68,0.77,458,272,0.5,0.46,0.22,0.4,0.45,0.76,0.59,0.7,normal
93,tcp,OTH,148,144,1,127,11,246,1,1,231,13,12743,http_2784,57048,2268,27080,70081,70,0,0,893,381,0,0.1,0.33,0.36,3803,61254,105,116,332,230,0.75,0.85,0.42,750,502,0.26,0.07,0.48,0.65,0.39,0.06,0.31,0.82,normal
51,udp,S1,185,16,1,13,66,152,102,0,71,123,96094,finger,50711,90266,65592,18251,633,0,0,219,919,0,0.39,0.34,0.7,55513,8400,143,374,43,385,0.24,0.37,0.51,651,670,0.45,0.67,0.32,0.94,0.93,0.82,0.82,0.6,normal
71,udp,RSTOS0,153,4,1,183,4,46,223,1,225,82,79001,finger,43916,31124,9702,46068,286,1,1,853,277,0,0,0.57,0.24,40771,40279,289,2,165,109,0.4,0.24,0.1,741,396,0.64,0.52,0.88,0.36,0.3,0.75,0.95,0.71,normal
237,tcp,RSTR,240,177,1,116,248,146,109,1,241,129,9705,whois,16738,74228,40545,6627,566,1,1,837,815,0,0.3,0.83,0.6,32542,35097,116,227,330,305,0.84,0.74,0.42,151,267,0.11,0.13,0.42,0.19,0.56,0.45,0.8,0.24,normal
239,icmp,SH,180,78,0,166,159,95,187,1,182,82,76073,tim_i,16461,32611,18853,18976,376,1,0,978,845,0,0.39,0.21,0.91,25297,39534,5,240,318,19,0.52,0.9,0.51,922,624,0.31,0.59,0.65,0.98,0.66,0.65,0.89,0.93,normal
56,tcp,S3,232,60,1,250,89,131,211,0,3,118,43518,hostnames,72322,32826,51333,90432,187,1,1,394,839,0,0.88,0.24,0.89,21318,4135,32,284,124,151,0.63,0.37,0.55,393,653,0.05,0.26,0.84,0.61,0.41,0.04,0.53,0.28,normal
193,udp,RSTO,65,157,1,136,45,32,47,0,51,46,68711,netbios_dgm,75857,97388,40832,94071,629,1,1,146,521,0,0.74,0.6,0.71,39245,36879,456,123,124,9,0.98,0.25,0.25,39,390,0.2,0.41,0.39,0.46,0.97,0.8,0.07,0.44,normal
165,udp,S0,114,134,1,64,61,100,159,1,68,110,11388,csnet_ns,66358,98778,83148,47368,225,1,0,32,672,0,0.1,0.47,0.53,784,15484,389,280,274,370,0.01,0.66,0.24,931,36,0.05,0.87,0.15,0.92,0.08,0.12,0.03,0.91,normal
160,udp,RSTR,246,179,0,226,37,136,237,0,197,20,42874,link,62260,27735,76072,96909,347,1,1,569,259,0,0.43,0.66,0.81,31365,28410,65,191,247,88,0.75,0.33,0.49,332,548,0.91,0.98,0.4,0.75,0.05,0.82,0.43,0.08,normal
151,tcp,OTH,247,196,0,227,1,35,29,0,115,109,66974,exec,9726,37342,73208,7610,286,0,0,769,795,0,0.84,0.75,0.39,18684,23419,491,248,133,388,0.19,0.61,0.14,959,454,0.52,0.87,0.12,0.33,0.61,0.88,0.33,0.65,normal
138,udp,S0,163,2,1,218,72,178,144,1,144,90,97903,Z39_50,40020,89813,47754,71453,455,1,0,285,58,0,0.81,0.12,0.02,59521,50921,167,40,379,33,0.43,0.33,0.73,574,618,0.8,0.24,0.49,0.63,0.3,0.8,0.64,0.57,normal
13,udp,S2,70,82,0,83,17,103,168,1,131,52,14735,uucp,53468,78772,82345,54243,181,1,0,75,514,0,0.02,0.38,0.99,759,23406,296,46,389,426,0.55,0.51,0.73,724,106,0.46,0.47,0.06,0.83,0.86,0.41,0.13,0.68,normal
252,udp,SF,58,55,0,124,234,21,6,1,247,121,87753,hostnames,8466,46042,46954,71156,613,1,0,54,737,0,0.43,0.88,0.1,35064,51387,330,129,222,57,0.53,0.23,0.1,157,793,0.78,0.58,0.82,0.23,0.87,0.95,0.99,0.49,normal
131,udp,S1,167,48,0,213,73,186,252,0,41,60,48201,login,9044,63355,2795,43886,296,0,1,381,982,0,0.16,0.11,0.19,43243,43549,343,351,275,468,0.88,0.48,0.82,338,153,0.35,0.73,0.42,0,0.59,0.17,0.06,0.52,normal
200,icmp,SF,108,95,0,87,190,153,24,0,113,47,48359,ldap,22844,45880,76294,55889,682,0,0,836,979,0,0.12,0.14,0.24,64106,59663,446,325,86,48,0.74,0.46,0.75,76,583,0.46,0.9,0.89,0.97,0.11,0.94,0.72,0.92,suspicious-filename-detect
23,udp,S0,199,140,1,124,13,218,197,0,121,31,1487,supdup,28900,33982,11442,61011,196,1,1,556,233,0,0,0.69,0.79,16091,44128,215,164,89,63,0.71,0.93,0.08,297,290,0.12,0.02,0.12,0.91,0.85,0.22,0.88,0.57,attempted-user
221,tcp,S2,178,32,1,112,90,62,168,1,46,143,69041,bgp,60335,97539,46875,2356,184,0,0,664,995,0,0.3,0.82,0.93,24750,22119,284,108,77,181,0.1,0.77,0.45,872,966,0.37,0.89,0.58,0.54,0.14,0.79,0.72,0.08,normal
154,icmp,SF,46,36,1,1,103,149,26,0,233,97,48228,supdup,15429,34054,71159,35397,575,0,0,309,446,0,0.41,0.97,0.01,8591,54374,39,138,213,195,0.87,0.39,0.22,101,55,0.11,0.8,0.27,0.76,0.52,0.17,0.72,0.57,normal
139,tcp,RSTO,218,14,1,55,134,151,79,0,96,79,88072,finger,71683,974,61697,86480,611,1,0,799,160,0,0.6,0.9,0.97,5285,17842,343,22,52,369,0.19,0.66,0.03,577,449,0.14,0.22,0.79,0.93,0.11,0.05,0.22,0.7,normal
19,udp,S2,64,208,1,248,169,54,236,0,240,97,50591,X11,30289,36687,21298,76001,695,0,1,640,103,0,0.01,0.23,0.17,19353,2012,30,118,125,101,0.61,0.65,0.76,350,749,0.81,0.36,0.69,0.2,0.82,0.69,0.27,0.78,normal
201,udp,RSTO,166,185,1,213,193,76,2,1,45,19,59806,private,1055,72616,94211,12975,295,1,0,388,448,0,0.97,0.14,0.23,43450,36298,428,236,162,207,0.11,0.49,0.98,55,32,0.34,0.07,0.4,0.13,0.58,0.86,0.61,0.36,normal
33,tcp,S1,51,69,0,142,128,121,194,0,148,51,30494,netstat,10688,4776,90569,36298,504,1,0,456,251,0,0.62,0.18,0.77,62123,21283,366,387,75,69,0.31,0.04,0.18,7,818,0.61,0.34,0.85,0.35,0.83,0.53,0.97,0.43,shellcode-detect
155,udp,RSTOS0,30,39,0,236,245,215,69,0,235,35,35473,iso_tsap,10488,71344,48415,52841,440,0,0,290,29,0,0.21,0.52,0.63,45277,30915,341,120,319,295,0.63,0.46,0.58,525,647,0.15,0.43,0.22,0.02,0.71,0.93,0.39,0.46,not-suspicious
50,icmp,S3,103,72,0,187,100,77,64,0,233,25,13013,http,58395,86009,55668,29533,251,1,1,931,812,0,0.14,0.87,0.23,44981,35555,206,123,391,443,0.02,0.52,0.39,790,0,0.82,0.87,0.62,0.17,0.52,0.29,0.08,0.81,normal
78,icmp,S1,167,176,0,247,177,77,35,1,37,47,19961,ldap,93318,86659,76104,47255,248,0,1,117,743,0,0.59,0.55,0.29,12858,52816,447,98,222,444,0.61,0.22,0.18,42,842,0.3,0.52,0.52,0.75,0.64,0.81,0.51,0.86,unusual-client-port-connection
73,udp,RSTO,32,31,0,218,156,83,75,0,66,44,96633,http,323,18623,3494,77734,500,0,1,592,22,0,0.42,0.96,0.21,36413,52669,87,127,217,104,0.51,0.95,0.87,500,137,0.66,0.75,0.27,0.35,0.49,0.17,0.95,0.02,normal
234,udp,REJ,245,88,1,182,114,14,134,1,84,35,80351,csnet_ns,81168,17235,2822,42409,454,1,1,874,513,0,0.19,0.6,0.13,45283,44854,91,304,349,443,0.98,0.55,0.32,617,256,0.65,0.08,0.49,0.42,0.44,0.36,0.33,0.43,normal
51,udp,SF,157,137,1,78,83,85,96,0,14,16,26581,red_i,66774,23768,15519,52188,163,1,1,177,675,0,0.24,0.89,0.78,17371,58159,318,168,54,90,0.02,0.31,0.42,689,985,0.21,0.25,0.36,0.59,0.08,0.76,0.07,0.86,normal
90,tcp,OTH,184,91,1,198,153,186,176,1,200,153,49502,nnsp,37157,96308,28393,22504,535,0,0,729,93,0,0.33,0.01,0.46,29221,57060,275,153,338,443,0.7,0.29,0.97,113,623,0.22,0.47,0.85,0.34,0.03,0.67,0.83,0.04,normal
3,tcp,SH,99,144,0,132,90,21,128,0,50,101,65527,smtp,80193,69620,66611,18898,558,1,0,793,263,0,0.37,0.11,0.26,39841,45461,234,144,372,302,0.97,0.62,0.95,800,503,0.06,0.94,0.3,0.39,0.17,0.88,0.22,0.96,normal
213,icmp,S1,103,55,1,22,202,181,222,1,30,95,30056,sunrpc,1234,42510,2232,75636,274,0,1,603,159,0,0.19,0.25,0.42,48953,37777,46,9,77,219,0.47,0.26,0.17,345,837,0.66,0.95,0.8,0.79,0.18,0.97,0.78,0.53,normal
37,icmp,OTH,172,54,1,222,93,219,161,0,200,41,20905,uucp_path,85274,2776,72015,97861,235,0,1,62,13,0,0.19,0.97,0.88,54917,61527,436,14,166,410,0.93,0.63,0.88,320,970,0.24,0.67,0.83,0.4,0.99,0.15,0.64,0.72,normal
71,tcp,RSTR,65,220,0,24,218,17,26,1,199,90,76900,urh_i,34009,45729,48584,14230,352,0,1,169,731,0,0.69,0.41,0.21,17726,47933,269,348,1,466,0.35,0.62,0.52,341,304,0.98,0.19,0.88,0.46,0.26,0.59,0.28,0.82,normal
116,udp,S2,135,146,0,71,251,157,146,1,76,20,7370,uucp_path,72039,52504,61155,99033,39,1,1,605,96,0,0.43,0.29,0.62,35754,43748,110,199,237,422,0.92,0.89,0.78,345,852,0.42,0.23,0.56,0.52,0.6,0.67,0.55,0.78,normal
156,tcp,SH,89,154,0,33,44,21,38,0,65,31,67439,gopher,98209,2376,54144,32600,92,1,0,836,467,0,0.06,0.5,0.37,39229,42110,103,106,350,477,0.19,0.96,0.63,911,521,0.38,0.24,0.39,0.05,0.93,0.62,0.55,0.27,normal
122,icmp,OTH,25,221,1,241,138,142,218,0,84,92,43963,login,33432,15605,73957,86286,234,1,1,345,956,0,0.61,0.92,0.26,20936,19114,453,266,288,351,0.44,0.46,0.7,565,808,0.28,0.7,0.56,0.81,0.79,0.13,0.44,0.34,normal
255,tcp,REJ,207,156,0,219,43,99,82,0,66,117,51121,exec,97443,43134,45241,36031,224,0,1,245,92,0,0.65,0.03,0.85,21589,51423,74,268,13,205,0.52,0,0.61,526,239,0.6,0.4,0.72,0.23,0.69,0.63,0.65,0.41,web-application-activity
33,tcp,RSTR,206,215,0,112,168,110,143,1,82,79,25059,X11,79350,53936,96982,90049,147,0,0,236,132,0,0.2,0.39,0.51,52268,18563,107,180,73,7,0.55,0.05,0.74,414,316,0.16,0.37,0.17,0.41,0.81,0.67,0.36,0.6,normal
51,udp,RSTR,93,106,1,146,96,113,11,1,65,24,51404,other,4982,36403,55590,22565,247,0,1,372,162,0,0.5,0.23,0.86,61283,53601,396,392,126,268,0.13,0.75,0.68,46,165,0.79,0.03,0.04,0.71,0.88,0.65,0.73,0.84,tcp-connection
215,tcp,RSTO,76,105,1,220,32,174,162,0,93,151,64032,time,52710,72563,51652,91725,623,0,0,529,422,0,0.75,0.15,0.23,46593,61029,476,105,352,399,0.68,0.13,0.93,13,783,0.94,0.68,0.34,0.12,0.51,0.42,0.3,0.98,normal
99,tcp,S0,57,119,0,205,96,236,119,0,186,40,46555,private,63082,15921,78277,15820,670,0,0,291,89,0,0.51,0.89,0.23,6686,18578,113,178,145,449,0.03,0.83,0.52,119,975,0.53,0.19,0.73,0.87,0.89,0.46,0.63,0.07,normal
140,tcp,SH,10,98,0,11,50,119,146,0,99,13,46032,name,8256,62251,94543,48592,645,1,1,460,264,0,0.21,0.58,0.82,51260,22712,479,96,284,359,0.46,0.1,0.61,805,136,0.55,0.18,0.46,0.45,0.14,0.95,0.78,0.16,normal
253,tcp,S2,218,164,1,202,224,178,4,1,51,117,64949,ftp_data,64853,76501,6066,1967,540,0,1,204,366,0,0.06,0.83,0.77,18985,56892,479,347,64,76,0.4,0.06,0.66,594,549,0.84,0.6,0.14,0.47,0.6,0.45,0.11,0.35,normal
132,tcp,S2,215,171,0,227,83,45,79,0,124,17,10195,uucp_path,86490,50655,24760,29163,15,0,0,988,945,0,0.72,0.62,0,40546,27435,337,182,295,222,0.98,0.74,0.96,992,91,0.48,0.64,0.6,0.21,0.83,0.4,0.29,0.02,normal
101,icmp,SF,100,54,0,68,101,189,235,0,139,117,16043,ftp_data,60569,1359,36415,63779,55,1,1,160,269,0,0.73,0.09,0.53,21620,9708,216,209,62,148,0.37,0.28,0.7,288,14,0.08,0.58,0.07,0.38,0.64,0.78,0.26,0.87,web-application-attack
211,icmp,RSTR,204,92,0,244,200,135,79,1,130,4,97570,urp_i,14188,12890,53809,22196,72,1,0,650,736,0,0.51,0.62,0.47,37138,8141,240,122,93,117,0.52,0.26,0.03,410,144,0.99,0.25,0.86,0.26,0.17,0.56,0.54,0.19,normal
98,udp,S2,144,233,0,15,76,17,180,1,251,67,63809,printer,117,28723,1760,88590,292,0,0,892,716,0,0.72,0.99,0.91,9497,38345,207,191,293,107,0.49,0.22,0.05,135,206,0.27,0.67,0.81,0.5,0.55,0.56,0.05,0.94,successful-user
26,icmp,RSTOS0,26,245,1,213,179,48,117,1,53,62,23538,uucp,89563,55768,37227,81733,555,1,0,171,137,0,0.78,0.62,0.73,21718,8809,370,200,377,15,0.02,0.69,0.07,556,687,0.06,0.71,0.01,0.12,0.67,0.81,0.41,0.54,normal
225,icmp,OTH,149,220,1,168,92,126,98,0,14,132,51691,mtp,47540,34215,15069,87907,185,1,1,264,126,0,0.55,0.15,0.73,9286,17584,226,348,55,331,0,0.39,0.68,809,544,0.34,0.91,0.09,0.45,0.64,0.05,0.18,0.97,normal
88,icmp,RSTR,62,34,1,56,144,205,136,1,177,146,46986,auth,61737,68360,94065,94148,296,0,1,768,603,0,0.28,0.96,0.66,25544,34959,212,358,62,32,0.35,0.06,0.18,54,10,0.2,0.87,0.34,0.15,0.55,0.82,0.27,0.88,normal
23,udp,S0,250,69,1,80,65,58,98,1,40,4,65587,tftp_u,43806,60718,6322,54834,108,1,0,340,573,0,0.44,0.35,0.54,10824,26273,430,216,328,192,0.41,0.6,0.66,74,928,0.5,0.3,0.48,0.53,0.15,0.89,0.31,0.22,normal
13,udp,S2,179,29,1,4,57,171,84,1,131,104,32999,tftp_u,53313,43978,46338,55784,11,0,0,919,362,0,0.83,0.47,0.69,3621,17453,363,240,313,340,0.44,0.75,0.93,218,707,0.92,0.82,0.76,0.97,0.68,0.34,0.05,0.55,normal
18,udp,S2,221,94,1,114,157,128,67,1,153,133,763,daytime,50172,24918,79980,76598,331,0,1,494,83,0,0.14,0.11,0.89,41023,26728,341,58,286,40,0.56,0.73,0.29,591,186,0.5,0.64,0.64,0.65,0.04,0.6,0.73,0.82,normal
167,tcp,S2,218,78,0,227,122,50,66,1,254,116,10625,telnet,88037,62311,39296,61863,71,0,1,884,723,0,0.97,0.28,0.04,29347,33238,461,223,254,206,0.25,0.19,0.22,258,281,0.72,0.32,0.53,0.55,0.74,0.61,0.52,0.2,normal
78,icmp,SH,235,188,1,124,154,179,186,0,192,35,62380,ctf,2506,46436,42862,94916,153,0,0,427,815,0,0.44,0.91,0.97,5101,57443,132,187,284,13,0.89,0.6,0.81,877,692,0.87,0.24,0.11,0.27,0.24,0.06,0.79,0.46,normal
173,udp,SF,132,233,1,117,176,17,5,0,207,66,35653,exec,28267,15289,11988,32751,380,0,1,499,723,0,0.2,0.62,0.87,13504,13557,417,79,329,0,0.96,0.26,0.12,519,879,0.19,0.79,0.33,0.62,0.86,0.52,0.48,0.04,normal
18,tcp,RSTR,161,187,0,202,213,228,111,1,19,96,44611,nntp,39281,96740,18534,13465,545,1,1,653,419,0,0.1,0.82,0.81,33729,53660,392,17,132,184,0.18,0.53,0.31,415,150,0.45,0.77,0.18,0.14,0.93,0.6,0.48,0.23,normal
151,udp,S3,173,14,1,33,84,217,147,1,209,36,96984,shell,82031,91116,22380,42600,173,1,0,860,691,0,0.44,0.05,0.37,58882,11324,286,210,345,44,0.15,0.52,0.85,275,427,0.39,0.28,0.33,0.39,0.69,0.39,0.08,0,normal
3,tcp,RSTR,65,148,0,187,60,255,120,0,195,36,12255,ecr_i,84187,5498,64569,57309,700,0,1,191,776,0,0.22,0.83,0.5,64410,57472,38,55,222,442,0.21,0.85,0.58,896,566,0.65,0.05,0.55,0.85,0.96,0.53,0.14,0.45,normal
48,udp,REJ,235,140,0,42,93,61,107,1,146,96,51753,shell,35808,69075,37604,8122,131,0,0,721,646,0,0.14,0.28,0.72,14407,58195,182,285,286,25,0.74,0.22,0.12,398,395,0.47,0.68,0.66,0.73,0.02,0.19,0.91,0.47,normal
254,tcp,RSTOS0,86,205,0,59,129,166,195,0,40,146,89048,shell,37671,57053,85298,70774,197,1,0,842,420,0,0.35,0.03,0.94,19503,1503,202,378,270,118,0.91,0.61,0.79,854,665,0.33,0.9,0.02,0.56,0.48,0.31,0.92,0.83,normal
222,tcp,S1,98,106,0,75,159,185,235,1,214,135,41275,pop_2,38726,18911,67762,31162,666,1,1,515,449,0,0.9,0.84,0.59,4314,2289,60,377,19,460,0.13,0.37,0.11,49,518,0.43,0.27,0.25,0.16,0.46,0.86,0.82,0.48,normal
94,tcp,S2,136,226,1,147,78,63,61,1,252,44,92769,http_8001,9146,72572,4091,20336,623,1,1,156,233,0,0.89,0.42,0.26,40253,2422,423,13,261,25,0.33,0.48,0.66,341,492,0.05,0.01,0.33,0.16,0.97,0.68,0.62,0.56,network-scan
151,udp,REJ,137,241,0,88,8,161,123,0,156,51,20845,time,60613,91292,82605,45989,323,0,0,684,589,0,0.62,0.66,0.22,14945,54070,262,85,128,145,0.18,0.77,0.79,472,141,0.01,0.64,0.38,0.19,0.78,0,0.61,0.85,normal
77,tcp,RSTR,124,23,0,255,84,115,8,0,127,128,65339,printer,46091,99098,25898,61075,301,0,1,826,365,0,0.08,0.17,0.74,11831,11315,481,317,111,296,0.9,0.21,0.32,414,90,0.35,0.78,0.91,0.95,0.05,0.98,0.83,0.22,normal
212,icmp,REJ,20,199,1,240,233,125,29,0,111,32,55174,ssh,75438,62947,98297,25030,317,0,0,70,236,0,0.18,0.23,0.1,61140,48762,216,251,319,476,0.91,0.22,0.73,408,306,0.16,0.95,0.97,0.56,0.83,0.08,0.63,0.86,normal
225,udp,S1,113,85,0,217,172,172,46,1,75,20,57313,remote_job,50861,5672,64311,19889,200,0,1,93,634,0,0.77,0.17,0.75,48729,52787,237,374,341,386,0.83,0.07,0.74,48,579,0.62,0.13,0.33,0,0.59,0.2,0.01,0.86,normal
245,tcp,S1,106,14,0,117,52,138,56,0,9,37,432,gopher,71269,31496,19023,68020,80,0,1,580,301,0,0.15,0.04,0.87,37019,59066,384,165,129,22,0.4,0.04,0.44,55,114,0.29,0.48,0.37,0.52,0.51,0.53,0.72,0.57,normal
240,icmp,SF,224,1,1,41,217,239,220,1,255,90,94096,link,42925,16250,45262,55363,29,1,1,174,628,0,0.56,0.18,0.34,8418,15563,459,284,353,349,0.7,0.06,0.06,493,714,0.51,0.34,0.23,0.63,0.08,0.96,0.58,0.17,normal
185,icmp,RSTOS0,249,167,0,1,211,98,198,0,223,145,72221,auth,9110,33617,63432,19371,693,1,0,636,260,0,0.29,0.39,0.88,7496,38880,148,366,286,260,0.75,0.34,0.9,93,605,0.49,0.46,0.05,0.12,0.55,0.79,0.58,0.14,shellcode-detect
221,udp,RSTO,95,63,0,79,31,252,89,1,136,30,40431,csnet_ns,17707,23229,97326,49316,114,0,1,153,463,0,0.31,0.42,0.44,56562,59144,326,81,4,282,0.09,0.12,0.16,534,838,0.69,0.04,0.93,0.8,0.98,0.12,0.24,0.57,normal
175,tcp,S3,169,91,1,21,224,17,237,1,8,100,76856,shell,3526,95459,18520,75229,557,0,1,126,869,0,0.81,0.65,0.33,37935,32773,467,185,118,466,0.12,0.43,0.7,519,564,0.92,0.68,0.26,0.47,0.25,0.64,0.55,0.18,default-login-attempt
68,tcp,OTH,199,89,1,193,2,186,242,0,124,92,50812,urp_i,23053,36196,94915,48409,482,1,1,667,340,0,0.82,0.57,0.82,46322,2344,60,214,7,260,0.06,0.48,0.25,561,360,0.4,0.06,0.31,0.1,0.14,0.66,0.98,0.63,normal
121,udp,SH,70,203,0,196,17,247,140,0,67,150,15794,domain,59413,77482,96892,69067,178,0,0,469,797,0,0.75,0.93,0.86,28740,27330,222,226,110,152,0.49,0.01,0.06,101,924,0.09,0.24,0.27,0.77,0.77,0.47,0.36,0.57,trojan-activity
119,icmp,RSTR,233,61,0,250,131,202,53,0,63,15,36029,name,77325,40625,3844,16062,303,0,0,877,742,0,0.03,0.21,0.08,339,51920,427,375,184,472,0.19,0.71,0.18,714,857,0.09,0.06,0.83,0.19,0.7,0.62,0.77,0.12,normal
40,tcp,S0,126,83,1,57,173,172,184,0,210,87,43577,http_2784,88060,19357,21820,28742,308,1,1,396,464,0,0,0.65,0.06,54363,11326,13,248,45,69,0.44,0.4,0.55,982,769,0.65,0.54,0.58,0.81,0.19,0.31,0.58,0.17,normal
53,icmp,RSTR,182,221,0,112,123,96,60,0,81,33,60920,uucp_path,11505,12419,43734,93733,92,0,0,222,658,0,0.96,0.38,0.99,10305,58757,420,41,63,223,0.59,0.96,0.83,718,599,0.01,0.62,0.93,0.52,0.6,0.46,0.41,0.77,normal
